3 28
3 48
3 122
3 300
3 303
3 308
3 309
3 354
3 357
3 362
3 388
3 569
3 799
3 803
3 871
3 961
3 966
3 993
5 74
5 101
5 182
5 204
5 247
5 248
5 251
5 368
5 725
5 760
9 70
9 120
9 210
9 212
9 282
9 326
9 619
14 3
14 34
14 46
14 47
14 52
14 119
14 125
14 183
14 577
14 676
14 693
14 701
14 735
14 741
14 755
14 762
14 769
14 793
14 831
14 836
14 862
14 899
15 5
15 328
15 330
15 431
15 527
15 528
15 531
15 533
15 640
15 658
15 670
15 697
15 708
15 727
15 738
15 739
15 823
15 875
15 882
15 986
18 9
18 20
18 22
18 23
18 24
18 35
18 41
18 49
18 59
18 127
18 132
18 158
18 170
18 208
18 214
18 273
18 286
18 297
18 302
18 313
18 327
18 494
18 753
18 863
20 38
20 284
20 337
20 338
20 339
20 340
20 341
20 736
20 774
20 1043
22 0
22 2
22 115
22 121
22 129
22 198
22 203
22 206
22 220
22 225
22 233
22 245
22 260
22 262
22 278
22 385
22 397
22 409
22 442
22 558
22 593
22 673
22 781
22 927
22 983
22 1010
22 1021
22 1051
23 80
23 191
23 224
23 629
23 636
24 82
24 109
24 126
24 159
24 189
24 234
24 244
24 272
24 277
24 279
24 287
24 288
24 299
24 310
24 342
24 353
24 372
24 374
24 375
24 419
24 450
24 506
24 535
24 557
24 565
24 586
24 632
24 660
24 692
24 771
24 783
24 787
24 872
24 901
24 909
24 1097
26 53
26 99
26 137
26 152
26 195
26 226
26 249
26 253
26 258
26 264
26 301
26 304
26 361
26 566
26 589
26 616
26 622
26 696
26 698
26 775
26 800
26 819
26 825
26 843
26 876
26 879
26 880
26 890
26 893
26 900
26 947
26 960
26 994
26 999
26 1090
29 39
29 103
29 138
29 165
29 239
29 345
29 378
29 519
29 580
29 591
29 635
29 679
29 700
29 786
29 821
29 826
29 869
29 958
29 1024
34 40
34 143
34 229
34 408
34 410
34 496
34 513
34 584
34 652
34 818
34 833
34 921
35 217
35 218
35 267
35 268
35 344
35 440
35 556
35 613
35 618
35 655
35 669
35 699
35 703
35 706
35 707
35 729
35 731
35 747
35 748
35 756
35 757
35 763
35 855
35 954
39 146
39 147
39 149
39 169
39 175
39 202
39 261
39 296
39 414
39 481
39 555
39 997
41 178
41 266
41 906
46 1
46 13
46 45
46 76
46 141
46 199
46 219
46 236
46 271
46 292
46 477
46 534
46 688
46 709
46 710
46 728
46 749
46 765
46 772
46 785
46 866
46 868
46 1072
46 1075
47 150
47 293
47 294
47 295
47 352
47 398
47 400
47 449
47 452
47 512
47 579
47 995
49 964
50 87
50 94
50 95
50 228
50 243
50 365
50 483
50 484
50 491
50 553
50 568
50 611
50 687
50 721
50 815
50 982
50 1001
50 1005
50 1015
52 27
52 51
52 216
52 334
52 351
52 430
52 614
52 686
52 761
52 811
52 884
52 987
52 1076
52 1077
53 715
53 716
54 73
54 81
54 186
54 231
54 259
54 317
54 319
54 343
54 380
54 470
54 474
54 570
54 595
54 597
54 598
54 740
54 770
54 773
54 913
59 1098
73 160
73 383
73 543
73 571
73 805
81 386
87 110
87 128
87 366
87 416
87 551
87 720
87 792
87 1025
87 1056
94 11
94 78
94 92
94 164
94 349
94 435
94 498
94 522
94 723
94 784
94 844
94 849
94 865
94 953
94 1036
94 1057
94 1080
95 674
99 896
99 897
99 898
99 1037
99 1039
103 1099
119 71
119 102
119 114
119 123
119 134
119 201
119 265
119 280
119 364
119 851
119 857
119 889
119 1013
125 36
125 37
125 56
125 88
125 104
125 118
125 130
125 133
125 196
125 230
125 335
125 376
125 393
125 479
125 587
125 594
125 639
125 656
125 677
125 745
125 746
125 750
125 758
125 845
125 934
127 193
127 235
127 283
127 391
127 429
127 606
127 607
127 608
127 631
127 654
127 895
132 190
132 874
137 812
137 1064
138 72
138 526
138 1067
138 1068
138 1069
152 140
152 151
152 153
152 154
152 350
152 369
152 379
152 432
152 521
152 824
152 907
152 908
152 911
152 914
152 920
152 1055
158 404
158 902
158 925
158 926
158 1032
158 1070
165 167
165 240
170 1100
183 289
183 358
183 813
183 846
183 853
183 854
183 1031
183 1066
186 211
186 307
186 355
186 405
186 451
186 461
186 472
186 1006
186 1008
195 682
195 943
195 1035
208 1101
214 17
214 19
214 269
214 630
214 867
214 984
226 460
226 837
226 838
226 839
226 840
226 841
226 852
226 1095
228 227
228 332
228 363
228 415
228 610
228 612
228 797
228 1093
231 223
231 401
231 524
231 804
239 456
239 530
239 588
239 672
243 436
243 604
243 778
249 30
249 31
249 42
249 55
249 57
249 58
249 61
249 62
249 63
249 64
249 65
249 68
249 69
249 84
249 93
249 97
249 98
249 105
249 106
249 107
249 108
249 111
249 112
249 113
249 116
249 131
249 156
249 157
249 162
249 163
249 171
249 242
249 246
249 263
249 270
249 274
249 276
249 281
249 285
249 290
249 291
249 298
249 312
249 331
249 347
249 359
249 377
249 382
249 421
249 422
249 427
249 437
249 441
249 443
249 444
249 445
249 446
249 447
249 448
249 471
249 497
249 514
249 515
249 516
249 517
249 518
249 538
249 541
249 545
249 546
249 547
249 572
249 590
249 623
249 637
249 678
249 689
249 691
249 712
249 713
249 788
249 795
249 816
249 850
249 870
249 878
249 885
249 891
249 917
249 928
249 939
249 950
249 965
249 967
249 968
249 969
249 973
249 975
249 977
249 1020
249 1030
249 1041
249 1048
249 1049
249 1054
249 1060
249 1062
249 1082
249 1083
249 1087
249 1092
253 250
253 252
253 254
253 255
253 256
253 257
253 458
253 776
258 1102
259 988
259 989
264 1103
273 1104
286 499
297 759
301 10
301 33
301 67
301 86
301 100
301 124
301 135
301 136
301 205
301 237
301 311
301 333
301 371
301 387
301 389
301 462
301 500
301 542
301 599
301 601
301 617
301 634
301 690
301 791
301 809
301 832
301 834
301 835
301 842
301 848
301 856
301 894
301 929
301 1052
301 1059
301 1071
301 1081
301 1088
302 567
304 480
304 719
304 777
313 209
313 314
317 318
317 321
319 139
319 161
319 173
319 174
319 176
319 177
319 179
319 180
319 184
319 185
319 187
319 188
319 232
319 241
319 305
319 316
319 320
319 322
319 323
319 403
319 426
319 433
319 434
319 453
319 454
319 455
319 615
319 624
319 649
319 668
319 675
319 768
319 933
319 978
319 981
319 1009
319 1019
319 1042
319 1063
319 1079
327 356
327 370
327 423
327 605
327 633
327 796
328 16
328 77
328 79
328 83
328 117
328 200
328 329
328 373
328 508
328 574
328 644
328 936
328 944
328 1044
330 4
330 6
330 44
330 90
330 549
330 559
330 938
343 172
343 482
343 782
343 1038
345 144
345 145
345 148
345 197
345 503
345 511
361 89
361 360
361 457
361 505
361 540
361 544
361 550
361 628
361 641
361 822
361 847
365 315
365 367
365 381
365 507
365 603
365 1047
378 1105
380 348
380 420
380 485
380 554
395 394
396 395
396 402
396 407
396 742
402 215
402 609
402 764
402 864
402 886
402 888
402 930
402 955
407 406
407 417
431 1045
431 1046
431 1084
470 1106
474 475
474 476
483 488
483 489
484 486
484 487
484 492
491 25
491 142
491 495
494 493
494 510
519 520
527 96
527 181
527 438
527 463
527 465
527 466
527 467
527 478
527 504
527 509
527 548
527 561
527 562
527 581
527 582
527 583
527 602
527 625
527 627
527 638
527 645
527 651
527 653
527 661
527 663
527 664
527 665
527 694
527 717
527 718
527 722
527 808
527 814
527 903
527 916
527 918
527 919
527 922
527 931
527 932
527 937
527 970
527 971
527 972
527 974
527 976
527 990
527 1040
527 1050
527 1053
527 1061
527 1078
527 1091
528 439
528 464
528 468
528 469
528 536
528 537
528 563
528 695
528 790
531 529
531 532
533 1107
553 490
553 502
553 552
553 859
553 1000
553 1003
553 1004
566 424
566 861
566 992
568 1108
570 1109
577 578
580 384
589 681
591 1110
595 213
595 592
595 646
595 647
595 743
597 596
597 730
598 1111
611 75
611 155
611 671
611 685
611 714
611 801
611 905
611 923
616 1112
622 1113
635 1114
640 564
640 643
640 648
640 754
658 1115
667 14
667 15
667 18
667 26
667 29
667 50
667 54
667 396
670 306
670 985
676 43
676 336
676 766
676 892
679 523
687 683
687 684
693 1116
696 802
696 806
696 828
697 996
697 1085
698 60
698 221
698 626
698 904
700 576
700 659
700 998
700 1016
700 1018
701 702
701 794
701 1007
701 1011
701 1012
708 12
708 560
708 657
708 704
708 705
708 991
708 1022
721 238
721 915
721 956
727 194
727 275
727 392
727 473
727 501
727 726
727 962
727 963
727 1073
735 751
738 732
738 733
738 807
739 734
739 737
740 1117
741 1118
742 1119
753 744
755 752
755 924
762 7
762 8
762 21
762 32
762 940
769 1120
770 1121
773 1122
775 168
775 642
775 1089
775 1094
786 1123
793 412
800 192
800 390
800 418
800 459
800 620
800 621
800 724
800 780
800 829
800 1014
815 1124
819 1125
821 324
821 413
821 525
821 539
821 767
823 1126
825 1127
826 827
831 798
831 810
831 858
831 887
836 1128
843 1129
862 1130
863 1131
869 1132
875 1133
876 877
879 1134
880 425
880 980
882 881
890 1135
893 325
893 817
899 1136
900 711
913 779
947 575
947 910
947 945
947 946
947 948
947 949
947 1026
947 1028
947 1029
947 1058
958 222
958 957
958 959
960 207
960 935
960 1074
960 1086
982 1137
986 1138
994 91
994 346
994 399
994 585
994 1065
999 166
999 411
999 428
999 573
999 600
999 650
999 662
999 666
999 680
999 789
999 820
999 830
999 860
999 873
999 883
999 912
999 941
999 942
999 951
999 952
999 979
999 1002
999 1027
999 1033
999 1034
999 1096
1001 1139
1005 1140
1015 1141
1024 66
1024 85
1024 1017
1024 1023
1090 1142
