8980.26908769851 9742.354096037703
5066 4 81 7281.723796636998 1499.6532140258096
5086 4 99 3019.699241995553 1540.2123367490458
5172 4 69 6942.991540359424 1272.9620373817015
5195 3 116 2421.4214077631877 3069.0491782239005
5210 4 61 1665.4476953783123 5990.389527724856
5212 3 54 1696.58972919617 5476.27093681847
5213 4 59 1763.2865215599704 5912.800011968098
5216 4 89 3239.486919655781 2363.1143555022754
5219 4 113 3379.8616534113244 2208.796534537534
5302 3 77 5771.8263961199955 2076.852189088855
5375 4 83 6822.534066152297 7470.681918718768
5378 4 79 2995.665162717287 4398.479623880823
5383 4 69 2585.803299543917 6014.707684818535
5832 4 81 3014.74923447987 1875.7902312377846
5833 2 75 3274.3099694833036 2844.1073431643053
5834 2 89 2121.775800869753 5725.334206434189
5862 4 63 1966.4883605484101 6349.910235375555
5864 4 95 5827.6290639408435 1732.3106585984024
5865 2 79 6187.296817060596 2146.6760279088703
5869 4 73 5831.312168373846 1900.5913101506922
5870 3 72 6599.932459438274 2564.111076246507
5871 4 101 3430.851691535212 2416.794125829965
5872 3 74 6873.394574663191 1532.7359269077024
5873 3 79 6426.633989681457 1997.7993051316262
5874 3 93 6116.426468041467 1133.7983494914988
5875 4 69 3503.0387720615 4327.186677267855
5904 2 46 5127.748197320787 6755.432549352878
5960 4 79 2753.8776913971196 2977.8476478817065
6017 4 74 2260.336514433071 2892.422410405936
6106 2 90 5619.657916712942 3759.235728845655
6353 4 66 4411.349379793839 8964.934444432194
6378 4 58 4662.845029004671 7886.2674537605235
6386 4 91 3163.5568351937945 2527.0247785883075
6515 4 68 6487.843621770586 7468.438786693474
6523 3 84 3574.35586463421 3159.351585538174
6530 3 67 6992.513045952455 2221.9721982718947
6534 4 106 1999.476761195463 2217.1678268780342
6536 4 101 2064.370276821628 2008.9199745517217
6537 4 51 6668.3809431160225 2473.332015134856
6544 3 79 6072.182772695673 3527.3904184290477
6551 4 98 3839.9052696012623 3349.359278005959
6559 3 59 6492.459167247787 2196.7105459557024
6563 4 56 4974.8725359088385 8002.661891004031
6570 4 73 3188.234037242819 3097.9450212013944
6571 4 59 1519.390144138506 5799.7984015201255
6573 4 78 3610.5656167329835 1609.564171652415
6574 3 95 3317.4984869337604 1862.0336923047762
6575 3 90 2960.4510400930412 2288.6872225949373
6576 4 91 2095.729058102177 2874.551477671561
6579 3 72 6027.940300697515 2038.8930001165609
6582 2 77 3858.0339618428734 4466.486931752239
6583 4 57 2784.4233612587304 2651.8241575020256
6584 3 65 2891.706609131659 2771.394778252168
6597 3 78 5494.539029371761 6640.037316378028
6602 2 69 6988.279231867124 4956.955475056762
6625 4 56 5397.978345194231 8609.735508135887
6645 4 105 2122.3190322568735 1773.4788271849939
6647 4 63 5343.790480978143 8007.801242625243
6648 4 72 4107.8095504076155 8726.632651257143
6670 3 92 6353.846380029634 2233.371938832661
6689 4 81 5325.940303247586 6164.131735209998
6727 4 64 5423.204857305023 8165.688465273113
6753 4 71 4571.952653613185 9208.213055480828
6806 4 72 4306.021025367689 8875.522395775512
7168 4 60 5294.485313225199 8120.863554502535
7461 4 59 4272.842395766926 8578.963594645702
7691 4 69 6032.484495809043 4112.512782819238
8188 4 67 6327.213230146863 6766.235358662674
8190 4 52 5306.020776308036 8464.583438512174
8192 4 88 4068.719613878431 8495.059323043275
8545 4 67 5587.933337150233 1952.5463981261746
9354 4 64 3181.6855963964445 3443.335849457766
9379 4 65 5468.602989605304 4184.493994156059
9390 3 66 7033.211094454429 4543.515410021435
9391 4 62 1496.6921348536962 5410.994821356206
9615 4 68 4041.045608780478 3868.1117424777476
9648 4 77 3399.73680079919 1519.1168296221476
9721 4 86 1713.6404997835234 6643.658703639227
10019 4 71 3166.126977686534 4499.589448661722
10148 4 59 1854.0395812466704 6411.275097939742
10156 4 61 6546.413526126427 1999.113164685663
10464 3 74 6911.610515725039 4802.255352322005
10582 4 72 6417.798932769427 1039.23176066015
10717 4 67 1662.0508094459037 6218.741885312138
10802 4 60 5439.602006477766 8501.162891859469
11081 4 55 5843.7269972904505 4072.8629290822028
11221 4 65 6842.963532427744 6901.566021324052
11222 3 71 4033.758236156653 4792.388390769323
11223 4 83 2133.9264835115428 2362.203833271571
11256 4 75 4799.88420704463 7653.390627958379
11373 4 84 1510.2102872830037 5944.606316378024
12291 4 73 5296.883810730793 7370.635843638218
12507 4 76 2956.54362536981 4066.856420416032
12518 4 65 4469.686343003148 7964.995353535942
12649 3 61 3224.2800716449165 4222.65503742146
12696 3 78 3675.176455187786 4486.262450547045
12729 4 71 471.0 5937.255282040609
12740 4 61 4511.778554313216 9090.018528200995
12943 4 49 4787.136828680548 8379.582723343938
13436 3 51 5462.658478656736 7015.407947650809
13855 4 71 6613.736462142628 6673.354463325686
14093 4 57 1540.185981970324 5298.031136472779
14751 4 57 3013.717667398658 3147.151182723548
14830 3 61 5611.2347258062255 3627.4539731643854
15598 4 64 2155.171564345157 2147.3065005709905
15842 4 68 4731.207985490921 7779.574394663479
15844 4 59 4818.1792210633685 9054.113979674312
15856 4 57 4708.0685019555785 9090.851931723857
15858 4 65 5506.962656555766 8395.582384639336
16740 4 46 5977.117059277913 1057.538540028654
17229 4 46 4049.0529789258508 4845.518640554466
17320 4 61 4291.757175645613 8738.395843612368
17468 4 68 4951.225089342781 9098.00128697856
17532 4 55 4919.516036668512 7906.399127625122
17752 4 52 3001.2959182778322 3292.265579612791
18401 4 72 7095.910771324907 1763.843298057167
18612 4 73 4716.414812521205 9269.354096037703
18621 4 59 1775.8735463798148 6163.725241640783
18849 4 73 2239.1931846309235 2038.7231624758242
19279 3 52 3001.136220072596 3291.5648374084085
19399 4 66 5755.48331770123 2155.512391794229
19863 4 79 7045.748384840252 1166.0643294267466
19894 4 63 2188.0595615695493 3184.834872299569
19896 4 70 3035.6153807152477 3478.714658269626
19921 4 58 6356.87541432543 7008.499126983243
20009 3 84 2427.273828922185 2135.5153973048255
21133 4 94 6406.996545931721 853.3992507727089
21395 3 89 6248.38689634579 1744.5946555140945
21487 4 77 4266.450885880091 4858.390079303634
21718 4 57 7023.954322883987 1375.8813404977373
23058 4 79 2323.389155660265 2376.251532818078
23372 4 65 5506.790804816697 8723.719601007357
23795 3 87 6344.236964861408 2380.96011794492
23810 4 98 2560.448713262158 1821.74654129201
23812 4 67 2777.9679729386226 3315.8327758423147
24580 4 61 6569.788485300738 6797.833087921976
24911 4 59 6344.061849076879 6891.551578816627
25554 3 185 5285.836379671095 6606.826255493204
25562 3 67 5620.939299610527 4110.169238852064
25573 4 80 8288.73906855434 5359.294911648503
25599 4 62 5770.056497792768 6136.018132493777
25635 4 73 3250.5240815424295 1563.731235259027
25636 4 66 3486.7118623876195 4192.55766315978
25638 4 74 3453.0685625722945 3315.8171905391246
25653 4 84 5564.213222147282 3174.6366019831803
25658 4 72 5805.879931738233 3286.278311258233
25659 4 79 6343.0033793781295 3426.4145633369735
25662 4 58 6174.042850190173 3443.917388351936
25663 4 77 5732.513056662003 3156.0236174388847
25664 4 59 6117.375954851446 3678.6810406382974
26107 4 47 2835.7335050057154 2245.368694920766
26479 4 61 5649.954717615674 6416.934749288146
26480 3 64 5618.272971395487 6270.83869125439
26485 4 77 5915.897000564841 6256.728025396656
26489 4 77 5592.706439956291 5985.9159407382795
26939 4 72 4191.17237133794 3897.0070256763684
29505 4 62 4205.359850930003 8424.788732876088
29512 4 58 4571.099179991634 8985.777623424849
29624 3 97 5845.614531452975 2393.076148575423
29625 4 85 5855.677513855033 704.4330837431444
29636 4 79 6963.453492491422 4359.369971214444
29639 4 84 8396.97219427604 4932.734771301039
29642 4 56 5271.161577227158 8751.262121971322
29672 4 81 5613.673913378963 8623.67896330178
29787 4 69 3214.439468849494 4006.1420755821637
29900 3 68 5478.138353677659 3818.1141096125975
29904 4 56 5562.999275751779 7867.575187362589
29905 4 59 5378.038891345193 3941.7315246086328
29906 4 73 4988.216140158653 6206.084627140768
29965 4 73 6213.174373986407 3318.7256149035056
30279 3 66 6075.146567541426 2233.5532413
30293 4 64 5234.044688783393 8980.104170630122
30326 4 57 7260.933279529152 4937.948915243542
30338 4 74 7764.291657235281 4681.4708734305095
30384 4 83 7811.381018840813 5471.936093877397
30616 4 60 6073.786244474428 3324.762429441009
30725 4 86 8173.811008722554 4633.348716050219
30757 4 47 8028.328038373747 5163.333931848014
30827 4 72 6596.0793399287395 2128.9129689758447
30849 4 95 8485.26908769851 5170.056761077911
30892 4 73 7570.011971593511 4953.851801803568
30996 4 72 566.2746197889974 6192.874400942423
31446 4 60 1754.0453601751142 5361.244107818722
31550 3 95 3642.192999444258 2404.236541960465
31833 4 77 7667.293602076159 5349.816715251167
31939 4 57 7695.078630804583 4989.3750003454115
31940 3 55 7368.899459691591 4663.036596389582
31942 4 49 7849.2505897251285 5079.581819743558
31945 4 49 8077.2942286012585 4975.973768854361
33010 4 72 5668.200372911295 928.9368793655631
33670 4 68 6451.736634031386 2443.8503076467423
34201 4 54 6385.709439084541 1903.9406551242391
34582 4 57 4734.417403765601 5980.8521925089335
35273 4 67 6101.766414453839 1529.5399634732275
35577 4 46 2490.0200335226837 5487.698381977007
35579 3 65 5253.535131755463 6964.137104809659
35582 4 82 2271.8544791358654 1886.7649802856176
35679 4 69 5517.0049845721915 3320.446523006627
35704 4 47 6815.720709218989 1458.2251141193447
35705 4 61 3470.00761654718 1776.1724325871146
35712 4 64 1763.1938005748489 6501.112066616417
36079 4 65 2912.919793653029 3535.8389884856115
36829 4 79 6299.359274313956 3665.9853613227497
37021 4 57 7041.510093300098 1646.038555807987
37200 4 74 1477.9401733910709 5553.2837416571965
37305 4 72 6340.323671751485 7354.611895550774
37476 4 46 6805.840030273586 1595.1579763482005
37745 4 46 4778.309566412394 6743.0594195618505
38192 3 56 6205.364669853876 2223.046354015398
38292 4 69 5989.196054153454 2424.05599940124
38401 4 70 5532.8434627721035 2089.4908426282054
38432 4 74 7521.234949973765 4741.761407841863
38463 4 55 5680.794533675351 2048.9509232494675
38468 4 83 6740.99639668559 5348.774953539927
38501 3 72 5999.311523836997 1922.6268462175685
38530 4 55 4840.407112383415 4620.442137190606
38676 4 78 2631.5182874575075 2610.648580168545
39135 4 89 7334.220754476639 2091.26718182307
39140 4 64 7176.761817672235 2209.975105539441
39188 4 85 3613.45855008913 1809.61110533994
39190 4 72 7176.131769111995 1295.870983241908
39247 4 82 5183.398120780072 6084.209017825535
39836 4 46 5739.347028161876 3548.778800541233
39837 4 58 7081.2764653276645 5275.910668352677
40201 4 66 6490.626936723998 1844.9352196897999
40671 4 56 6840.611276823136 1734.1611805769426
41120 3 47 5774.712535012088 6723.3542039026615
41711 4 66 3384.3906835883026 4615.167181217861
41712 3 67 3568.389463300078 4620.829584282132
41831 4 60 3707.5385759629025 3022.572951086211
42166 4 86 2310.6145431605983 1723.0024056588845
42284 3 68 7001.694144968886 5219.7665095004995
42468 4 75 8142.96267703897 5305.398045535418
42474 4 70 6828.382581260532 1193.439904316263
42489 4 59 6112.423451726634 1386.8236885920342
42497 4 64 6362.942213890459 1519.0339739154479
42509 4 61 3552.4639296069327 1942.6232731981763
42524 4 54 6410.301516358373 7235.618715135806
42547 4 47 3920.5526623737132 4177.020524606709
42637 3 69 5322.590945478125 3680.829664806013
42701 4 69 5341.012603974548 3819.165562555132
42776 4 74 7988.04868286278 4695.6575588818305
43107 4 79 5255.420523462915 9131.433028414369
43164 3 73 4094.0327467009774 4418.917033126665
43318 4 64 5990.452914314959 1402.8925140135507
44082 4 66 6584.138494239025 1528.9785962378228
44357 4 52 4999.535692480244 8164.900896006398
44380 4 60 1661.6392141386277 5273.1925007149075
44381 4 54 1617.7201750852255 5378.818394765327
44572 3 49 4836.185774919952 8465.140099757544
44573 4 47 4724.452801463714 7008.557993995473
44574 4 56 1589.1427773436444 5485.368682595068
44575 4 56 4828.141424396479 7187.079084172055
44576 3 46 4788.688928852931 7001.1926385539955
44577 4 56 4746.737152462269 7109.817640380785
44578 4 47 4673.777926065846 6928.521401744754
44580 4 62 4619.028780113407 7039.521247432665
44581 4 60 4646.631247220084 7169.93214813669
44708 3 58 5128.0209948247975 6758.334713716718
44806 3 61 6827.878192012988 4985.399820611659
44807 4 79 6676.144586189697 1269.5673781902588
44883 4 60 6018.333707500704 3611.2761419183626
44915 4 63 7155.339382887174 1429.825207653943
45278 4 55 4322.052687276224 8437.471562619849
45361 3 55 5024.449149314718 6643.513194144183
45371 4 57 2929.1363187244824 3408.6475499134212
45419 4 74 6686.021477016158 2244.285657566241
45950 4 66 6991.96094362449 2503.728648280481
45952 4 46 7003.258109276456 2300.640469648981
45966 4 56 5995.47145221633 1747.86512608247
45976 4 56 5333.13570789943 8351.423272388496
46001 4 68 3469.361190651787 1646.7923078894928
46069 4 75 6188.738982783794 731.6848167202879
46285 3 62 6108.645836221596 2109.6186358561645
46369 4 52 5028.266392588917 8907.142958507658
46405 4 46 2441.309613752721 5409.400837016594
46595 4 52 5146.703128097633 8573.184149060562
46731 4 76 6048.021944701908 676.7478809832428
46923 4 51 6740.197450882519 1521.3358683289189
46978 4 67 5791.43226815452 864.6001778285099
47561 4 76 2821.276194928123 3156.7940694410026
47815 4 57 4656.7187526015005 8908.297404862435
47893 4 54 5635.342277027154 2159.5475801095345
48384 4 58 6141.613690208131 1773.766218897992
48637 4 78 6845.6067105361835 2516.1675674889666
48692 4 64 4378.181803445183 8115.079940942411
48695 3 65 6112.29451244359 1963.42415310676
48721 4 49 6172.747496778004 1056.1212076065458
48740 4 54 5883.555229312118 1282.1017236094813
49186 4 88 3770.5324815762033 2126.0350826072936
49244 4 58 5384.154595371128 8735.945116770283
49344 4 60 4507.719291496305 8883.425750567276
50139 4 64 3063.201512726355 1697.6986160183333
50153 4 57 2993.724913651753 2353.7640825535236
50156 4 67 2757.5652240764357 2144.520040332045
50158 4 70 2702.4664881078897 2269.9654471685244
50202 4 61 6252.619842199845 3533.9793425691278
50523 3 61 6281.5868572719955 1989.8964119211196
50653 4 60 5108.409860756317 8985.700812086408
50747 4 59 6248.200510896775 1397.1852702121214
50793 4 75 2446.3779169072186 3321.0949708416483
51209 3 46 6513.1936472250345 7102.655384574686
51804 3 63 6363.508933261215 2087.826118143188
52080 4 59 2380.051887226855 3204.6142842567388
52191 3 70 4902.237439180022 6585.430036625567
52301 4 79 8263.739488880183 4772.188032567101
52468 4 62 1786.4058761768865 5649.659481101004
52481 4 93 7591.452894078062 4451.848236177444
53225 4 78 2081.178118811851 3043.4057973886847
53226 4 75 2336.224952127395 2764.017809740839
53278 4 46 6185.9721763195885 1311.829976677931
53300 4 47 6567.59875695156 6906.050249256095
53360 4 65 4574.136522441444 7800.505027515759
53548 3 63 6098.028581299503 2355.8018257646436
53549 4 59 6098.222135213498 2356.4728348275858
53711 4 51 3669.2040068061506 4137.982537860382
53722 4 58 7751.74943766429 5125.297810348238
53725 3 46 6799.9138425055535 4851.9442005117235
53726 4 46 6799.436357725714 4851.221980106384
53727 3 46 7928.092289125696 5110.8560357803435
53732 4 70 8320.815648394931 5187.9085423780925
53739 4 65 6688.1645851765825 4844.218346836897
53740 4 52 7719.60979250944 5231.113762590037
53771 4 46 7838.057099110574 4889.95647880734
53816 4 54 5339.6456569528345 3476.0267593825447
53875 4 61 4893.337881625626 6816.89249672752
54261 4 55 5710.180837326752 1942.2065034463703
54275 3 62 6160.639973835783 2516.1163489955106
54394 3 83 1825.125972808626 6315.505755835966
54410 4 68 1890.9897251368784 6574.74948727214
54433 3 56 1721.2828436212403 5841.387139301838
54651 4 58 4458.705199452943 8207.02376783139
55230 4 73 3396.814394804889 4767.899979460461
55302 4 66 6166.939153813375 7119.324774267243
55497 4 57 2887.406825991522 2951.903120334846
55532 4 66 2619.6318879231585 2161.450195692294
55533 4 65 3234.702053260422 3228.1127764348894
55552 4 72 6506.723653535435 2705.177703834739
55555 4 66 6592.768156889408 2813.2810505741472
55566 4 56 6646.440027620822 2660.7663530989776
55569 4 57 6507.399803932221 2575.4171035493237
55573 4 68 6769.028874757842 2640.679506063385
55628 4 68 5730.580387938902 1110.2669600813279
55761 3 62 7236.115719443344 4992.317240000557
55805 4 80 7203.327374060365 1984.1627912102158
55891 3 61 5655.982944931002 3375.8459313984567
55931 4 60 5195.865904965216 7282.700791152816
56074 4 55 5195.038522475235 8181.170727361885
56091 4 56 7188.661388050616 5315.956586931679
56135 4 55 3214.027651385488 4226.190074856855
56206 4 54 5772.254619649186 6280.17820847734
56313 4 63 2683.17668978063 2742.5192133608834
56332 4 71 2851.750464048233 2027.1939306089953
56353 4 49 6267.952327072886 1032.5541194149882
56752 4 58 2585.769910212064 3094.4232384349634
57158 4 73 7366.76129070915 4461.495054641513
57588 4 56 6054.6107949401885 2632.779046388805
57595 4 60 2294.76472453502 3287.9208884691143
57597 4 81 3880.791693905059 2254.2972759793447
57648 4 69 5366.163226600616 8996.504799803577
57649 4 75 4960.848082869026 7584.464343836338
57650 3 46 4870.839188988484 7368.107113616465
58435 4 46 2347.7960742172545 3035.6556333869485
58560 4 63 3467.3322833401508 4516.161295424521
58804 4 46 2926.53492157075 3218.779228731004
58823 3 65 3744.982798169276 4120.102972165958
58826 4 46 3940.4519052962933 4826.238475120586
58829 4 81 3686.1006521551863 3914.5890886453635
59108 4 55 1616.856807990247 5593.103331226866
59131 4 67 5804.4238387474725 6397.585907911354
59230 4 47 6251.138009787359 2519.5170053015936
59267 4 79 6849.81716896439 7282.2101622227965
59709 4 46 6229.118178742912 1133.0973843894644
59877 4 60 1708.4428766561286 6389.250538105403
60356 4 52 6283.760767145915 932.2001536398348
60934 4 55 6125.283419083022 962.9689987895217
61099 4 68 2673.072392112612 2023.912106969372
61545 4 61 5140.182587252519 7827.743940996257
62214 3 62 5484.77543388346 3753.886233991954
62339 4 47 5588.85209497454 6185.444877536811
62469 3 73 7209.281659376207 5215.188172675851
63284 4 57 3808.8503545828025 3978.842429047101
63447 4 52 4868.894071792554 8319.890307272832
63588 4 73 7115.586716573485 4367.803106575011
63621 4 72 5507.900053125279 3961.0455649365285
63663 4 55 7068.051958056025 1510.0245837191142
63753 4 46 6911.260462876529 4801.618235843969
63828 4 63 6719.712815248033 7366.664264963099
64273 4 58 2293.7100077511095 3125.143661689621
64345 4 56 6288.066866566787 7237.4237472532295
64358 4 82 4620.480296277707 5900.496465708591
64706 4 55 6337.245847105991 1805.8023003108792
65792 4 46 2240.576575817733 5414.359906640759
65940 4 52 2468.28401827376 2016.3664971631915
65945 4 52 4634.927512202979 4407.981729618019
65946 3 47 4635.520525417851 4408.719396771092
65947 2 49 4663.352196576332 4462.728486815802
65992 4 58 6785.671895594369 1352.250265215578
66715 4 54 2907.881518059741 2424.6009938220195
66716 4 68 5181.285275062513 7452.202849585625
66723 4 55 2821.3200251881826 2346.6275098206715
66730 4 52 6977.961147797458 5237.423261324955
66748 3 77 4728.317139899693 4702.184650015886
66750 4 84 8138.48307838837 5502.0924581743675
66761 4 56 5708.750240426922 2351.889890770126
66787 4 46 7297.578490465097 4685.83389933002
66892 4 49 4803.6477922052145 4522.693822695626
66893 3 47 4718.727522558998 4468.714380437916
67490 4 72 3557.0842233970434 3418.586156108362
67556 4 58 6700.334518143794 1623.161171869553
67733 4 52 3569.300119458134 3187.6273909908523
68015 4 49 5631.352952998041 7775.077060641506
68018 4 55 3168.184701974573 2971.0051408847794
68220 4 64 5377.907912014107 3344.8950436347914
68358 4 66 5972.654018212943 3400.642452901633
68491 4 67 3546.826056890397 4836.055433011767
68497 4 69 4135.079061662254 4922.440212480367
68556 4 51 4719.286233479725 4468.378991282523
68558 4 47 4810.245135541863 6072.212179860817
68735 4 52 5922.4444643641655 976.1602284909131
68744 4 55 7288.396447755611 5374.722876399952
68908 4 56 4680.390561150674 8769.045904572256
68912 4 58 4411.857822397473 8799.239131529965
69342 4 64 6155.861936015815 2697.774377251437
69834 4 66 5008.91182691159 7173.695179452796
70845 4 51 5437.121462787614 6854.079751355141
70860 4 49 7989.461933741786 5021.028346117098
70912 4 68 5438.378283457449 8849.851867341862
71691 4 51 5457.3345444118495 7366.672174083145
71831 4 65 6233.901019258465 1521.1787984434159
72138 4 66 2884.4198902546996 2542.301498929857
72140 3 54 2099.9862232868036 5952.776445523854
72184 4 73 5766.731362440358 6000.369879347203
72328 4 65 8287.190627466687 5057.07878906282
72366 4 54 7806.497038519334 4985.4978626491575
72519 4 74 3357.6426391107707 4013.8373183004696
72520 4 57 4227.788713881164 4491.509974173081
72557 4 52 4585.17971895431 8282.459923091697
73231 4 51 732.1914746303592 6113.627444038673
73232 4 54 1885.218264572668 5360.929537173626
73352 4 60 6819.068768187313 2061.879146587129
73578 4 56 5313.112602720281 8855.719794975786
73693 4 55 6893.157351779595 1387.4188295909044
73779 4 52 4532.615740792749 8064.169682735072
73781 4 54 5199.821197505935 8474.135189405864
73783 4 52 4714.064053674749 8449.756116226086
73792 4 46 4742.476771959682 8850.057675290114
73802 4 47 5058.149609131851 8340.867389972616
73805 4 46 4964.5029464681975 8296.957854338154
74822 4 52 2909.4819638714507 2178.9508154605464
75055 4 55 5854.22441457467 1058.9763124462734
75250 4 49 7289.5153217644 4590.693178343696
75314 4 55 3093.102229283122 2278.7493475520205
75903 4 55 8174.737585412167 5013.451432289185
76127 4 58 8014.169391126405 5270.475869345617
76128 4 59 7832.127244608444 5264.666693347201
76315 4 49 5322.508358669551 3680.0321393169725
76317 4 56 5001.373985833245 7459.1204151039165
76514 4 46 4766.795564858989 6925.116446510012
76610 4 63 4647.553974477432 6182.103102309851
76866 4 55 5735.843980911883 6626.443703834037
77200 4 69 7586.906614071482 4614.299993411922
77333 4 52 6443.870329693138 7134.239675767854
77394 4 49 1211.5899228835224 5840.333812971989
77397 4 51 2123.0864500514763 5261.652425063705
77429 4 62 1090.8780587515394 6466.465250776713
77431 4 60 1043.7245071588477 5626.707248252973
77496 4 51 892.5716324069399 5778.546018157573
77498 4 56 1853.099337470001 5247.202786969745
77503 4 58 1940.4055563693 5161.038497987294
77561 3 54 7012.762793118291 4879.636184505078
77840 4 56 4626.915721765716 8384.511210730012
79296 4 46 7386.694713066219 4660.944671959594
79300 4 46 2287.0812096812697 5512.571609730567
79398 3 61 7065.544769726464 5032.950276323492
79399 4 52 7144.049311138257 5050.6405101171695
79400 4 52 7084.2674565975285 5135.781970343654
80102 4 62 3458.428049994316 2034.4104584111446
80352 4 49 846.0311324016329 5943.07865533439
80700 4 60 2498.7341696935728 2394.146140928493
82285 4 59 4861.842587147385 6488.3739384138935
82298 4 51 6070.310335209 3479.891240846966
82801 4 93 7435.427778368667 5087.2578914107435
82858 3 46 3912.0336025636607 4594.384419824983
82930 3 46 3742.913873024223 4629.042800653162
82931 4 55 7300.081199053366 5264.597788088031
82933 4 47 3704.0932021332374 4629.649393116051
82935 4 52 3773.321306440561 4700.957987161404
82941 4 47 3912.876542319649 4594.991713317657
82943 4 52 3910.51087717056 4694.252921882831
82945 4 49 3715.3465160419873 4954.3700310460445
82951 3 46 3617.256006293541 4307.703376902471
83117 4 62 3670.969060895419 4752.343331151747
83121 4 56 5878.166605269715 2111.5666694629144
83122 3 59 5979.354856551454 2159.232490487939
83124 4 47 3617.273669120361 4306.843540026224
83399 4 58 3434.5469783875124 3184.8920219793836
83400 4 51 5106.2139339065725 8800.155068165961
83649 4 68 3078.3220568806028 3989.72256525981
83893 4 51 6111.992510810716 1962.5319779298661
84135 4 55 6336.593490810748 7137.2331889342495
84138 4 46 2448.671802707475 5572.364603262784
84171 4 46 3619.6923648626544 4952.567061367019
84396 4 64 5649.327598905187 3304.2673945910865
84634 4 52 744.4624577251489 5937.519123249494
84811 4 58 4830.623523814447 7523.109472145883
85543 4 47 6028.553471669529 1163.119216979816
85857 4 56 3818.789298814587 4095.7868058344866
85999 4 71 1612.811553120806 6478.914866316012
86001 4 55 1297.2283556808252 5780.571102533777
86366 4 55 5979.153486371895 2159.3539692824816
86395 4 64 5732.973550994819 3402.034504023355
87075 4 75 3116.7499726474744 2081.4716482774056
87140 4 75 3779.4432004941445 3145.7360126190433
87237 4 47 5093.258425348042 8486.36700523271
87497 4 66 5111.532835511458 9111.959656595867
87530 4 49 4972.047627324293 8668.995991599619
88107 4 56 4833.895650728704 7977.72524902385
88108 4 47 5134.585741389263 8396.577552926206
88494 3 49 5776.119625831732 3754.0396282886395
88495 4 51 5777.034192161376 3753.8368425953704
90862 4 51 5539.489301988546 6366.308591867415
90954 4 46 3255.033784310941 4133.775810476614
91044 4 64 5638.288655520544 3504.594165438939
91070 4 63 7066.564923332709 5400.549222770758
91118 4 54 5460.503144171915 3430.2366981984815
91568 4 72 5648.247686568644 4328.2333730987775
91667 3 46 977.5207196690681 6030.0114133306015
91670 3 46 1998.8891905334494 5356.67874899667
91684 4 57 2048.828566526867 5492.956238585317
91826 4 54 5242.258518972263 3744.848313924849
92200 3 62 2105.5416488762457 5573.668691767136
92201 4 52 2151.8687875991855 5456.756001255864
92202 3 56 2116.3041795786885 5677.2629926958725
92302 4 54 3299.646469966563 1681.894399311106
92305 4 68 5828.667597164404 1391.2306573982023
92933 4 54 2099.270168932784 5364.701080683128
92935 4 46 1950.7254265655465 5277.510359774158
93241 4 47 5019.692648833832 8426.913598944073
93586 4 52 5495.602451991592 3530.841793486463
95541 4 61 4744.4074085055945 7308.54760436132
95543 4 54 5210.5166339693205 8658.542772394361
95854 4 51 6603.40201100647 6997.473306783013
95963 4 57 6927.931256354004 4514.2196663508585
95973 4 49 4898.12385097548 7436.109399204881
95982 4 49 4836.099613323237 8465.111542061208
95984 4 51 4526.370180622409 8423.49059305272
95990 4 49 4930.797688740666 8879.430120937574
96143 4 56 671.589098493947 5660.006167333075
96144 4 49 1720.020897686005 5813.071039810737
96435 4 56 4793.333372094032 7414.8269753022
97399 4 46 4007.8946918337388 4762.785384747462
97661 4 46 3820.9947132810703 4929.558119791476
97662 3 49 3742.6422940164703 4870.6716049526585
98068 4 47 7210.118257375445 5215.099280469629
98076 4 46 5978.714069333331 3512.911638133901
98086 4 51 7031.848196049799 2393.699871995039
98095 4 47 6021.961086041647 1259.3682382155494
98097 4 55 6965.052241199057 1471.2400501938282
98141 4 57 1634.0603499090648 5876.024719261757
98527 4 49 2435.5124499112717 5985.411445948204
98561 4 56 932.6524280671038 6395.6218853394785
98562 4 71 899.2198493831129 5573.030777529228
98701 4 55 2051.5157795763225 5182.953197160303
99028 4 67 2481.7730516083866 5765.954503184188
99033 4 58 6333.514709607614 1138.8269763688804
99769 3 74 4981.600148458168 7004.706629294433
100441 4 54 6363.995494217324 2087.4909216226843
101619 3 57 3887.9754122458653 4493.2550233926995
101663 4 55 2487.5376339892973 2902.227919608511
101672 3 52 7071.2530441913295 4968.318608991518
102425 4 65 7147.307228862006 4516.63654334141
102438 4 52 5115.644401689624 8259.433742085825
102856 4 49 5761.284954047249 7705.966351712155
103014 4 61 1972.6737273992803 6474.151443855135
103103 4 72 4413.4194476137745 6680.596324438044
103670 4 55 5920.77095992363 3673.3945703784375
104243 3 61 3374.3895843463943 2705.123875380992
104244 4 49 3374.5744758945184 2704.8448500334853
105683 4 65 2976.47318899136 2082.4915388197514
106065 3 83 5508.17559097979 3960.7159147766797
107091 4 49 1030.937433810006 5935.546104253077
107093 4 49 1035.5273216664682 6129.206939398089
107224 4 56 824.3684518319387 5695.163580046541
110107 4 58 3589.1008079218773 3019.2446459224775
110244 4 62 5073.194785014119 7284.408895813878
110497 4 52 6117.590782822186 1232.148081715106
110698 4 46 2343.163188726652 2098.1920410446983
110722 4 58 5178.873444296518 3571.8474820986376
110742 3 55 5153.0352114327725 6524.838599529892
110750 4 46 4955.897180924247 8763.094378322075
110774 3 49 5620.378011913661 3759.9509694189583
110776 4 55 6676.342585343085 5162.337042116902
110777 4 64 6915.9869605202875 1829.5729179926311
110778 4 47 2526.817699646639 2096.23841608936
110779 3 46 6824.674968434152 5128.47257144488
110791 4 46 6986.13429216744 5139.534951738802
110792 3 54 6959.530723549342 5064.152854681066
110980 3 47 6928.071343859232 4992.621663697442
111032 4 46 6477.975625011026 6947.221573446954
113094 4 61 5941.92548959349 7533.6127262753325
113649 4 49 6527.528931583405 7191.584250669217
113876 4 46 990.7227052812523 6213.635714753222
114017 4 54 3720.058958416619 4046.0262731942057
114029 4 49 4094.5606762328716 4417.990463663093
114129 4 52 6057.649624775975 2524.7763352732545
114140 4 52 6248.209241719884 1745.3203231093612
114141 4 54 6406.226000078979 1721.1597053579571
114184 4 47 6196.35175539579 1660.1519877383726
114699 4 59 4856.39548990006 4818.222420416132
115128 4 49 3501.7225520366846 4622.860049131865
115154 3 71 4083.999372229133 4088.836774349511
115928 4 52 3578.5988669459875 4556.652890725949
116106 4 61 7173.462482417312 2380.724221566099
116482 4 69 2597.797024573185 2844.0585086362225
116545 4 51 7944.91057483156 5110.792453325383
117208 3 60 5154.942785421041 6643.3138196209875
117644 4 61 6762.0360312511875 7118.208931920137
117803 4 51 6916.06201829587 2374.0901590112735
118038 4 52 5788.050893612413 2041.2626835789779
118174 4 56 4884.291251015948 6000.468371286417
120151 4 64 4590.510853186814 6068.130939394945
120153 3 56 5014.036122239715 6754.496977896506
120182 4 54 4644.706325679097 7997.3606647185115
120289 4 56 7895.829595105304 5360.843980166668
120409 4 56 1187.667108040885 6259.430664299474
120477 4 51 5294.5454789143005 6292.601920042394
120822 4 54 1272.7013027932808 5923.254424500479
121043 4 54 4972.578560212543 7343.285230910911
121651 4 95 6648.119179449186 1880.29879325386
121659 4 58 6043.099357672054 1877.0616450513917
121661 4 56 6091.084231368117 1670.7565775258008
121662 4 47 6249.579400764433 1243.9786921123014
122391 4 47 6157.404277828096 2528.936087252998
122554 4 70 6978.102245735874 6892.0854578910985
122639 3 55 5559.629069702871 3844.504759474279
122794 4 54 6431.336548972144 2002.0198535524687
122986 4 67 4263.678749708237 8220.481917377405
124660 4 57 1402.2633874129715 6035.517166440648
124684 4 54 2432.71450230154 2300.1719582248916
124733 3 52 2318.0909822568174 5772.5966345657325
124788 4 73 4693.0461209047535 7538.714996784158
124796 4 49 5024.443301504794 6364.632998239362
124798 4 51 2372.5702627618775 5713.662352748968
124809 4 46 1771.8101617839457 6303.871157481477
124810 4 46 679.4900493387795 6011.553846613762
124846 4 47 6810.243934040733 5119.985551953396
124847 4 47 6863.837636192551 5197.631517741982
124854 4 57 2298.546289029149 5877.9380868142
124856 4 70 8006.750887436199 5420.95764108812
125130 4 49 5565.34628892042 7465.794217540741
126310 4 60 626.0720643045606 6322.549061970476
126569 4 55 3508.3325598969495 3098.643872213037
127580 4 73 1226.2584054806357 6463.684369615843
127583 4 55 6292.61050984541 1625.8786892664248
127586 4 46 6961.698541003661 2099.6763076505267
130200 4 57 2430.716052309759 1906.8339400258956
130622 4 72 2499.6338311834224 6126.465901621774
131123 3 62 2003.3339362088846 5711.751638474834
131952 4 54 5948.028430109753 3874.8870677151317
133128 4 70 6376.897126302432 1259.3664395173364
134111 4 51 934.009015204032 5871.865480119723
134243 4 51 5493.2385803011675 7676.180909061197
135493 4 62 722.276897147538 6483.826814847718
135511 4 65 999.47494033783 6554.946681749581
135599 4 61 1314.0974704641958 6193.065916638163
135912 4 51 5767.67360535586 7605.373345104879
137597 1 46 4662.999579365856 4461.7864941107
138210 4 66 8247.426174270364 4916.608875989223
138467 4 52 6812.867338869317 2381.3718855139123
138569 3 56 1887.526858022069 5708.274359384541
138606 4 51 4104.0788114958705 4128.671171601898
139418 4 49 5163.61609061484 3678.0231424028098
139427 4 46 6873.416282249749 1531.792730003308
139990 4 65 3675.07215902365 4486.266960001682
140148 4 63 7913.911125187875 4811.287548699111
140365 3 61 3285.736167588966 3047.712169807757
140710 4 58 2222.526829110535 2251.8149329344487
140849 4 52 4460.824999046654 8603.511332245474
141313 3 47 5638.2932280855275 3504.751277103631
141377 4 52 5587.459842979417 7347.829327961128
142006 4 58 5153.098980674626 6524.461741570576
142039 4 51 5296.964953760795 6981.466967783974
142063 4 55 4063.0275731739894 4583.177772495117
142064 4 46 3989.44233827636 4513.066987493265
142065 4 49 3998.8559387365385 3977.611509616374
142066 4 46 2919.5299990715575 2793.5599148463407
142067 3 46 3989.274217882914 4513.08293361414
142193 4 55 3318.0466959311343 2052.19183723041
144543 4 60 5297.584399186202 8241.001731816814
144725 4 65 6722.987633547917 6781.160979634416
144952 4 51 4687.897426411564 8296.471964210989
145651 4 59 6031.159848234096 897.852480994301
146749 3 52 3268.84543799538 2934.2674112486384
146799 4 46 1051.980937705528 6028.199293706766
146801 4 46 1951.934219185714 5435.83722142578
147205 3 161 4470.078459616812 6945.261719622682
147210 3 166 2275.0161930577488 6269.890543038509
147288 3 55 5226.626884140624 6321.369105478025
148230 4 146 7476.32158759762 2358.849592460054
151075 3 46 5856.544183255643 3794.0175162814303
152992 3 135 3890.7210134021625 2738.3434004581395
155620 4 155 4337.711601734412 2762.2336261248274
160864 4 73 7071.059726585259 1906.900814644705
160866 4 49 2436.5454014466013 5886.758306300671
160867 4 56 2380.3374552091045 6075.515226729836
160868 4 65 7191.193949963625 2505.8402143811873
160870 4 46 6971.399027580275 2213.422589874197
160913 3 59 2400.3741166551954 5949.624286585804
161077 4 46 3354.8546721266575 1765.609198134971
161575 4 59 3186.2725057493917 1685.5587099161894
161576 4 88 5008.683655660974 6501.331496008181
162604 4 57 4159.648180696164 8608.36278394434
163997 4 57 5192.599707022306 8865.658955038776
165309 4 51 4015.6920255053556 4076.5168368807535
166817 4 69 5494.7206443534415 6640.097845662687
166820 4 81 5619.309219421342 6555.6612337067745
166885 4 47 795.7546891262937 6189.459629830755
166887 4 54 947.6951008400938 5688.473606325086
167819 4 58 4744.46301275682 6495.700758729388
169121 4 56 4138.8050866551275 4747.309340632575
171060 3 66 3958.5379733994523 4272.161531004975
171387 4 54 1372.2724534482077 5880.161601877113
172351 4 47 3258.4159732205917 4318.182742879046
175105 4 82 4816.0561740892335 5867.720544109474
176652 4 46 1748.6799760640934 5468.011211328998
176653 4 46 2332.976985664918 5419.465528685203
176654 3 46 2339.779177967848 5510.217357743135
176756 4 49 3230.650511715565 1900.2601253872672
176757 4 46 6904.977776025353 2277.087183242762
176759 4 47 6902.039925489244 5099.302108035379
176769 4 47 7053.337907525234 2116.540066614387
176772 4 46 1861.9138039256468 5980.298044470157
176785 4 46 1965.696976861087 5867.609886802678
176786 4 58 2218.9744244993417 5596.692172417661
176798 3 62 3098.5110736452007 2871.2198838614604
176801 4 51 6566.071447429818 2478.39690792283
176814 4 47 2279.1851405953676 5683.228393710237
176817 3 46 1965.5411302353568 5866.71104614258
176833 3 46 2174.3249941842987 5687.222701940762
176866 3 49 7007.285676355412 5046.860344736131
176867 3 46 3379.3706338215743 2843.2940385680195
176870 3 62 4605.255182498535 4518.452097556947
176872 4 51 6767.600321670314 5216.9053745104975
176878 4 46 6187.648315271032 2023.71904317406
176985 4 46 2379.9187820072148 2214.630632580709
177344 4 51 2563.3862649512484 1976.1774787623472
177347 4 46 6805.693986461145 2261.4929896802096
177356 4 49 6832.541936268015 2170.352783768667
177367 4 47 3445.6935194853104 1926.1169272751795
177369 4 46 2427.894437577008 2136.075221323179
177371 4 46 3098.3508255394154 2871.2598845564535
177375 4 46 3101.3727995010413 2726.8698921502437
177377 3 49 6187.6350875060925 2024.0052038468457
177378 4 46 2377.7802292306988 5811.093377685869
177380 3 52 3102.2680733443267 2726.957250698888
177396 4 46 7107.335104681526 2295.5653932580135
177397 4 46 7064.2106471185 2213.931283224785
177421 4 46 2278.105936667929 2163.817327543409
177425 4 54 6281.967991399364 1988.9501838760516
177429 4 46 1728.8850886572327 5558.086210648438
177430 4 49 3006.3777532249405 2724.2059295514664
177431 3 46 3302.9377041693187 2499.8167694971016
177435 4 46 7144.744095462545 2096.4170299427387
177442 4 51 4673.363342609191 4622.240557242956
177443 4 46 3324.6969591019624 1913.9787536151598
180254 4 49 3301.2492629962508 3050.178759562321
186695 4 49 5398.647951395975 3560.852560489653
188636 4 52 8039.608898877075 4881.748034106837
189817 3 65 3387.671673271154 2954.3927879950825
189819 3 54 6887.8378908663835 4899.20876136134
192033 4 46 6117.13552661725 1134.0382585313928
197199 4 52 3141.1251513130956 1947.435559084999
199353 3 128 7124.235630778134 4708.285646644952
207877 4 75 6747.729818808515 2782.446200518152
207887 3 46 5024.475145638968 6364.742573787302
207889 4 46 4816.695718124214 7021.281259893014
207892 4 46 4902.063860506354 6585.429775991008
212141 4 52 4250.825644803699 4384.869324214604
218048 4 59 7152.981689963464 4893.103917633562
218261 4 51 4892.676618282127 6125.712526901454
218292 4 49 6973.580797586659 1731.4806245656328
218555 4 60 7378.378428618544 4944.574427003652
219005 4 73 5732.96983077718 1252.892481765317
219115 4 52 3374.8487607617244 4154.821296352162
220088 4 143 3363.9933587423548 1301.4987620903594
220102 3 127 5707.1158677409585 3952.561317306365
220110 4 155 6337.399929179523 555.0
224113 4 51 4808.56789184341 8133.271739323525
224898 4 69 5863.218129620098 7766.568865549405
226108 4 46 1998.9330855009212 5356.386738386067
227518 4 72 6842.581885119045 6712.500074920728
229811 4 46 4057.717834534531 4684.857034023262
231499 3 57 3168.4561987386805 2970.7944632532963
233185 4 118 3926.332866207824 2548.728505903895
233608 4 51 5098.675882783351 8136.079257009191
233704 4 52 6245.544745582647 2618.494895608459
234461 4 51 3512.186076089154 4722.323565017716
234480 4 70 3605.843058498798 2879.157937603286
234834 4 58 2217.7222983549254 3037.3278575590266
236278 3 60 4791.606442120083 6124.316998176251
238531 4 57 4248.380851326663 4013.1761699977033
239312 4 166 4044.315172516439 7133.098507955223
240282 4 126 2033.4979439283634 3294.932460131069
242806 4 59 6956.986292700825 5346.54634863625
243384 4 52 7033.233201771309 4542.891150916599
245511 4 114 4469.623843849793 6945.9122661365
248621 4 51 1869.3076065204768 5883.4001793613825
251208 4 54 582.0842350392704 5879.312870000791
253122 4 68 6890.9567198853 7108.639377384174
256555 4 54 3601.6621160455506 2755.1558532287927
258974 4 55 2992.3799364414153 2863.7343037387727
259535 4 46 5306.272537015695 6472.832955649272
259794 4 60 3566.491924273443 2328.6867167406344
262380 4 52 869.5645847524684 6122.193282766308
262853 3 63 3784.407415409405 4554.0831838756385
263564 4 51 4576.964409373057 8796.483618548129
264150 4 62 4875.25759411581 6694.828082179778
266860 4 65 3676.9698270601984 3335.3081739187
267528 3 54 5240.239190591059 6719.283955837771
269021 4 51 5665.40882930833 7530.335769673711
270930 3 63 5477.490940092928 3549.3252774262364
271543 4 61 4670.833199684555 7406.328203410445
271750 3 51 2048.245477875458 5815.8459395268765
274824 4 63 5506.1755770547425 6096.890496772536
275297 3 82 5376.36666461013 6735.141534587241
276988 3 63 5489.485382052382 3638.2825262503247
276993 4 54 5488.891528418255 3637.417565246542
276996 4 144 4220.223748673441 6876.969068373193
277039 4 51 4774.532960201843 6164.400528581322
277072 4 52 5851.330747482683 7465.097835670462
277999 3 65 3474.0126089570367 2816.211018404789
279647 4 81 7009.869320618334 7198.467609124669
280508 4 54 3671.506372415937 3216.428036638932
280867 4 57 6718.426160884203 7246.121298323913
281476 4 69 6219.191480165991 6863.124680089826
281810 3 58 3200.460165719651 2847.5929861324075
282507 4 82 5862.680322734657 6573.286352941763
282509 4 74 5895.268706984407 6759.82728325354
282511 4 76 5845.293317063009 6901.374862359731
282515 4 100 6050.929491232815 6839.405559276125
282516 4 58 5738.002154180565 6811.465764162083
283078 4 59 6540.619265667196 7352.6440411980475
283304 3 76 5281.820774647767 6592.8487656274265
283501 4 59 3054.6256953857664 4164.366389082152
283531 4 52 2366.3312536791746 1995.657917721921
283542 4 68 3824.3238376443587 2393.020346604888
283673 4 49 4868.876594554171 7341.611221636307
284106 4 73 6637.12479882847 7475.197994919454
284113 4 55 3172.4472982007283 4373.622508108445
284997 4 57 4799.33335765867 9168.733229677473
285214 4 49 2894.1391550197623 3308.1607374290797
285348 4 82 6019.356403382113 6621.885558263119
286091 4 68 3614.2503841657053 2209.2131943954555
286263 4 62 3724.310765565988 2476.8133167036394
286293 4 58 6928.918358818028 2000.2538099535705
286649 4 68 6476.896912827218 6708.053407018921
287386 4 84 2777.2914570202374 3467.330616923002
287387 4 51 3500.362833877338 2726.3570124532525
287403 4 49 3781.415620804655 5027.362434866303
287556 4 52 5397.034298718554 7582.236395059448
288654 4 51 4980.877928112084 7004.776455822535
289524 3 52 3305.0544765378363 2779.2513841782893
289526 3 52 6222.6323928126985 2115.618249770305
289579 4 52 4624.286021819993 4817.170424809658
289620 4 60 3072.1308602246463 4282.238828154597
290053 4 51 3239.406836127211 1800.512279657367
290058 4 54 5958.66898573039 1951.9150690812494
290125 4 49 3228.714543106911 1998.3355597907175
290221 3 49 5707.203140218011 3681.6014313868545
291485 4 52 4658.781414145935 8662.858275820694
292242 4 55 2506.6282991222142 3012.9546364487796
293602 4 65 5921.374191992323 839.7126667848825
293606 4 61 5740.367458668476 7814.035978782373
293608 4 56 6344.2196964570285 2381.7842486487098
293695 3 59 2200.8220244130534 5755.95760896138
293886 3 51 5130.038088041398 6975.576595449125
293888 4 71 5129.978599398772 6975.868890294343
294532 4 51 5047.650947941056 8603.478478562862
295430 3 73 5010.345292161972 6883.788644837103
295646 3 72 5436.388623944538 6853.208407300674
295812 4 64 1973.5658521343685 5588.577397484074
295813 3 65 1974.0970036455947 5588.962997299273
296909 4 47 5487.007278109533 7540.4370219595185
296913 4 46 2850.6228242457546 2855.0398507092723
297283 4 49 4735.319416751601 8596.442317457044
298514 4 71 4738.270653990825 4873.026636169219
298517 4 51 3475.3988578821845 2825.9536058407502
298550 4 51 4628.454557290192 4713.953351714219
299058 4 58 3156.0841053982986 3323.746991396267
300431 3 52 5295.200231016639 6842.304218037058
300705 4 47 4932.244484700404 8463.931998679025
302570 4 52 3330.648104938089 3147.698695395531
302698 3 62 4952.820500789789 6759.656684576603
303972 4 52 6249.867266306388 7035.11875957232
304070 4 69 6466.281907895329 1613.708347437092
304721 4 78 5524.632457848256 7181.0818095279865
305033 4 91 5690.225314291729 7144.506701291833
305035 4 65 5571.164365556495 6988.93894630278
305654 3 72 3214.812447713841 2693.0472929764
305756 3 47 5008.789395726311 6501.604674810082
305801 4 55 6167.058642483335 860.7921481376579
305846 4 57 5657.191934512117 2452.8027155242853
306090 4 47 1197.7201944852386 6085.500857416828
306229 4 56 5198.666710383735 6244.8667193303445
306529 4 49 4106.122776748685 4028.584271202657
306549 4 51 6492.99488688981 2197.3067904004893
306573 4 46 5667.688627742562 6310.989821845327
306574 4 51 5688.828623084333 6215.79067447488
306591 4 46 6069.350738519137 1055.1359003570105
306712 4 68 4351.7415032218305 6554.8522924652825
306756 4 46 5580.987967375138 6278.406180265603
307079 4 49 5750.731203859275 7475.823778785827
307160 3 58 7152.6396455371905 4893.239453770162
307242 4 60 5486.811727203818 6218.5979726564365
307598 4 47 4014.594428903136 4174.919292703598
307662 4 54 713.7020414281033 6249.153683436245
307667 4 59 4973.592178173214 7805.002901329532
307723 4 54 1133.1228262192344 6163.169279763006
307778 4 55 1101.513257900795 5753.607117166797
307808 4 74 5903.690130410319 6106.215273381891
307844 4 47 3636.943789764544 3114.2529963760644
308083 4 49 1015.4479628618901 5812.882347627612
308114 4 47 4199.190520112614 4104.972902891153
308177 4 51 3069.6410775721342 2634.1563040385336
308429 4 56 5768.26730419217 2542.507880233501
308431 4 54 5785.068554092435 2433.572249371289
308432 4 63 7160.006528003196 1624.1806348005848
308542 4 52 4890.1397865280705 8070.3818505421405
308624 4 59 6765.211310802286 6998.227472701012
308700 4 46 4728.33403225903 4702.485380600308
308871 4 49 956.548837848848 6069.911414467944
308874 4 47 1107.523496073034 5876.801575862726
308881 4 58 7622.299154579941 5078.596868599314
308914 4 58 2501.7829839717924 2210.2258892072387
308943 4 46 4668.293201302138 6814.998651799851
309191 4 67 1590.7470147275271 6341.258750457488
309197 4 56 916.4399640557531 6283.871470596099
309198 4 69 1630.4912152877405 5735.937155033596
309513 4 56 5214.868861422026 8331.76074554172
309595 4 51 3303.8028593625713 2500.2935383577533
309694 4 54 5824.644076124892 7362.377519922
309875 4 47 5672.0936624417045 7628.260250562835
310249 4 46 5314.835706376067 7077.711789405377
310262 4 65 1897.6244392592998 6187.720571021633
310381 4 55 4540.204080801439 6688.745076009891
310382 4 57 4496.551359575929 6487.047890091639
310386 3 46 4597.749543953552 6566.761540865078
310388 4 71 4526.862792979304 6351.508588718385
310397 4 74 4386.493964283229 6415.560751654182
310421 4 52 4825.246715268786 8642.551067216398
310610 4 54 5660.6682051369025 7425.418714205389
310699 4 51 5670.323416454976 7285.64829272623
310862 4 54 3356.1294163611055 4343.742071264063
311257 4 58 7275.772468265121 2319.5619826999064
311533 4 46 4818.7874514021605 4719.350677981063
311661 4 52 4059.591863036334 4263.365688407015
311769 4 46 5831.351484479306 3540.211916270473
311770 3 46 5740.752616651862 3625.359800952381
311771 4 46 5786.793661280051 3628.187403523789
312426 3 46 4798.885126378485 6767.371572076259
312654 4 56 2382.6083869758477 2939.046876350618
312675 4 46 2358.8282870645526 5330.5922492279315
313021 4 46 2393.744170450136 5488.928839140684
313024 4 46 6027.033513332037 2038.08684406077
314193 4 51 4625.31970057412 8503.070827317719
314252 4 59 2554.699819781272 3207.557663478412
315353 4 54 5100.678154081583 8694.577745629274
315401 4 49 4860.161086688222 8738.33016364968
315405 4 58 5185.314203041151 7937.919641533739
315412 4 56 687.4067509642737 5845.122821096749
315423 4 56 745.9490151467398 6354.618845642919
315439 4 54 1199.1285921138078 5703.63105856768
315454 4 54 4395.6422923379105 8688.157060377638
315464 4 60 609.7337401072473 5758.456366800961
315480 4 51 4559.326277474593 8635.922575247201
315729 4 60 844.070320934723 6470.68677562907
316166 4 58 5428.903143778221 8287.931953401541
316232 4 66 7641.491146067401 4815.1155320742255
316793 4 51 5867.276032559119 7627.699137546955
317393 4 69 5557.637018878919 6855.356979939013
318207 4 57 8132.871581739051 5161.06353443634
318536 3 120 3780.2980203977204 4268.98749901558
318848 4 55 6718.303702677495 1734.9478989969684
319273 4 51 5940.428915805813 1840.4280544561952
319280 4 54 1886.8956400856368 5708.615484612481
319721 3 58 2148.185723325587 5860.498634712178
321378 4 52 2945.6777830888313 2643.4152516907743
322023 4 51 6827.575306449991 4985.625468702623
322024 4 54 6722.996395159611 4975.118013385581
323197 4 54 1123.1076094181808 6354.6141884352655
323494 4 46 2339.947150549353 5979.583020284579
323503 4 54 4920.445846611521 7091.842299759981
323731 4 55 2431.375556355717 3093.307992360864
325267 3 46 5198.172626929441 7219.128917076323
325276 4 52 2990.7598464127186 2244.5607186580855
326123 4 165 2275.0031377440355 6269.979673377467
326758 4 52 6125.572728383875 3567.0901950845837
326766 4 46 5857.1474481073055 3809.1835230168763
326801 3 46 5664.7846914834045 7530.4140558349645
326835 4 54 3682.584100150547 5056.466982657355
326927 3 49 3901.5785524737657 4387.622464027441
327076 4 49 5593.27314400738 7684.250866218124
327103 4 47 3658.4907243311973 4861.487549953046
327150 4 47 3752.6625106353385 4865.108264065137
327152 3 49 3996.312145996799 4412.8205232538385
327958 4 57 7391.877116453183 4763.919300595873
328021 4 126 4144.090228151126 2437.8968292168356
328032 4 51 7425.231822248661 4571.481146794053
328239 4 49 7925.39182844559 5209.834977340746
328386 4 56 6668.822944109674 1441.0855222331083
328520 4 105 3995.2616732259885 2925.6593148681677
328930 4 111 4073.6592251981674 2724.1219931249725
329020 4 56 3090.4380259691206 3230.409637570916
329813 4 51 4709.291706842716 6085.9023052134835
329939 3 51 3790.0133824847326 4440.1149807031
329944 4 47 5943.339894943889 3773.3916295878407
330082 4 57 5915.1203354044665 4159.782452107887
330083 4 54 6037.319839067848 3810.6721440603105
330180 4 64 7604.626697945121 5210.358308778283
330812 4 55 4480.026210955937 8327.628417766118
331599 4 46 6968.800108410196 1572.4572296002952
331832 4 51 2534.8902403938373 5905.654913519098
332972 4 52 5928.063962550721 4006.3001145499875
332973 3 47 5850.556561817826 4016.3773510497595
333147 4 105 4058.651209617492 5079.333684875652
333715 4 54 4606.93135149965 6447.88664085331
334125 4 51 5412.682670727958 7458.480062634862
334197 4 47 4640.791951283052 6543.246222852573
334198 4 46 4626.91996404577 6635.690465655676
334491 4 51 4840.20590674417 8836.938167232456
335001 4 51 3697.7071910225313 2324.1128243590247
335211 4 47 5810.410989775253 2335.1658625577293
335326 4 55 5393.906709896601 7715.441114488702
335535 4 52 5499.559142735849 7779.47217792887
335826 4 46 5224.356272645742 7046.270159160365
336439 4 78 2940.110212990494 4240.671624725164
336440 4 46 5428.744158538775 7102.217664013635
336776 4 60 7266.726846893052 5055.496148412087
337094 4 46 5463.536144840891 7016.14899034215
337215 4 55 595.9804139915977 6069.042129626843
338423 4 54 5083.969569287914 7987.455595957861
338711 4 54 8107.403859932452 4800.130180971442
338881 4 46 6610.5112307650525 2564.7664505989196
339786 4 47 1864.9830308290657 6305.725325245712
340208 4 65 1987.0172774264502 6092.74441959491
340212 4 46 2100.1940972911616 5952.872983710517
340231 4 63 3603.0233584135167 4034.491043320919
340656 4 54 4819.836719105351 8940.370217169799
341420 4 51 4758.932519654216 8223.196816514555
341425 4 52 796.8969690322338 5847.628730940862
341613 4 52 6911.137423637443 1651.8884664149773
341681 4 54 6667.135729528931 6887.334244085363
341898 4 51 804.6280201415357 6041.67485572927
341909 4 52 4565.4150656157835 8179.511299548893
341910 4 46 5643.116533735298 6109.158201060698
342077 4 59 3945.521412029804 4931.846653523342
342081 4 46 3315.094070413925 4233.070218409306
344019 4 49 4549.338150254316 6579.86682625092
344156 4 55 6606.685803136297 7259.726032308437
345174 4 49 4627.59872562467 8099.631410371225
345181 4 49 1071.4055139535012 6264.571828255601
345206 4 60 4370.451249886504 8290.336812132799
345209 4 51 7934.46798151865 4936.9521112009315
345515 4 49 5397.144269832632 6500.731675320614
345518 4 54 5301.616509457348 7239.949139465298
345985 4 47 3641.8179810123074 2404.8529244824276
346346 4 57 5587.653819559429 4214.167325908351
346348 4 52 5621.519238793222 4110.1559438010045
346349 4 56 5700.429227186174 4201.531922212045
346386 4 57 5881.023366787824 2490.0403886437525
346401 4 83 7041.996680892142 7031.1516962364585
346422 4 52 3140.235781774074 1828.9612555155218
347953 4 46 2356.571045835368 5573.0919803565885
348020 4 46 4758.7258025880255 6833.293475513059
348022 4 46 3391.3768833631875 1850.0931779317434
348097 4 46 2858.570760530991 2724.359003630296
348245 4 51 2756.086971859524 2830.6253325183243
348676 4 54 1299.2075177779006 6078.487302780308
348678 4 58 7766.103958465759 4814.180390355446
348793 4 54 3156.7438445461885 4115.265268627863
348794 4 46 6457.306061181527 7036.89389476163
348795 4 46 4916.774700292397 8218.054027225113
348811 4 56 4378.757051566234 8532.925498476066
349164 4 68 2117.833448543657 6066.257716652337
349622 4 174 2488.9269605113695 6534.1045624393555
349896 4 46 4639.034067918565 6727.3374500564205
350518 4 52 4924.819935503689 8980.90243401405
350554 4 57 6588.4988549980735 7104.606019274917
350807 4 55 4929.386245413643 6320.439448661276
350875 3 58 5186.295260326082 6858.9575467406285
351354 4 49 939.713845688686 5972.589713199279
351363 4 51 5292.435593632934 8591.947638134476
351645 4 51 3602.8019747363796 4657.1256606085735
351762 4 56 5093.588319283172 6284.460312088911
352691 4 46 5782.709159269845 6716.982135559196
353313 4 47 5575.893282318353 7572.598401272731
353504 4 61 5842.565711640727 1174.5398979031597
6670 4 92 6353.846380029634 2233.371938832661
14830 4 61 5611.2347258062255 3627.4539731643854
30279 4 66 6075.146567541426 2233.5532413
38192 4 56 6205.364669853876 2223.046354015398
44708 4 58 5128.0209948247975 6758.334713716718
45361 4 55 5024.449149314718 6643.513194144183
46285 4 62 6108.645836221596 2109.6186358561645
62214 4 62 5484.77543388346 3753.886233991954
77561 4 54 7012.762793118291 4879.636184505078
92202 4 56 2116.3041795786885 5677.2629926958725
101619 4 57 3887.9754122458653 4493.2550233926995
101672 4 52 7071.2530441913295 4968.318608991518
110774 4 49 5620.378011913661 3759.9509694189583
110980 4 47 6928.071343859232 4992.621663697442
117208 4 60 5154.942785421041 6643.3138196209875
120153 4 56 5014.036122239715 6754.496977896506
122639 4 55 5559.629069702871 3844.504759474279
131123 4 62 2003.3339362088846 5711.751638474834
146749 4 52 3268.84543799538 2934.2674112486384
176866 4 49 7007.285676355412 5046.860344736131
176867 4 46 3379.3706338215743 2843.2940385680195
176870 4 62 4605.255182498535 4518.452097556947
189817 4 65 3387.671673271154 2954.3927879950825
189819 4 54 6887.8378908663835 4899.20876136134
199353 4 128 7124.235630778134 4708.285646644952
220102 4 127 5707.1158677409585 3952.561317306365
262853 4 63 3784.407415409405 4554.0831838756385
267528 4 54 5240.239190591059 6719.283955837771
271750 4 51 2048.245477875458 5815.8459395268765
275297 4 82 5376.36666461013 6735.141534587241
281810 4 58 3200.460165719651 2847.5929861324075
283304 4 76 5281.820774647767 6592.8487656274265
289524 4 52 3305.0544765378363 2779.2513841782893
289526 4 52 6222.6323928126985 2115.618249770305
290221 4 49 5707.203140218011 3681.6014313868545
293695 4 59 2200.8220244130534 5755.95760896138
295430 4 73 5010.345292161972 6883.788644837103
300431 4 52 5295.200231016639 6842.304218037058
305654 4 72 3214.812447713841 2693.0472929764
318536 4 120 3780.2980203977204 4268.98749901558
319721 4 58 2148.185723325587 5860.498634712178
326927 4 49 3901.5785524737657 4387.622464027441
327152 4 49 3996.312145996799 4412.8205232538385
329939 4 51 3790.0133824847326 4440.1149807031
350875 4 58 5186.295260326082 6858.9575467406285
