5086 315299 53618 288252 304069 53555 53227 191425 55550 37311 53609 82037 53608 317170 
5195 53225 52080 312654 292242 57595 101663 240282 234834 64273 56752 6576 58435 314252 323731 82037 50793 53226 19894 6017 
5212 44574 59108 44380 31446 177429 14093 37200 44381 9391 176652 
5302 118038 54261 47893 8545 19399 38463 38401 
5833 189817 5195 104243 140365 177431 146749 281810 6584 6523 176798 19279 176867 305654 177380 231499 6575 6574 31550 277999 20009 152992 19399 289524 
5834 176833 295813 147210 271750 176654 176817 54394 92200 91670 72140 319721 91667 138569 54433 124733 92202 131123 293695 5212 160913 
5865 6579 177377 35582 54275 23795 21395 5873 6523 5302 51804 38192 38501 6530 5874 5870 289526 53548 30279 5872 48695 50523 5086 83122 29624 46285 18401 6670 6559 
5870 6537 55569 55552 48637 207877 55555 176801 55566 55573 338881 
5872 21718 37476 35704 54275 98097 5172 5066 73693 110777 67556 40671 318848 44807 5874 63663 44915 39190 328386 44082 341613 19863 65992 37021 46923 42474 218292 139427 18401 331599 308432 
5873 40201 34201 5066 121651 10156 341613 122794 
5874 48740 60934 48721 53278 46978 55628 16740 21133 306591 29625 59709 43318 33010 46731 98095 133128 92305 99033 42489 145651 56353 110497 85543 353504 305801 293602 50747 192033 68735 75055 121662 220110 46069 10582 219005 60356 
5904 44708 326801 305756 236278 25554 44576 293886 99769 207887 35579 26480 6597 44572 350875 147205 110742 45361 295646 267528 300431 51209 283304 295430 275297 325267 312426 57650 52191 117208 147288 283531 120153 41120 302698 310386 13436 
6106 122639 276988 55891 290221 29900 141313 6544 42637 220102 311770 14830 270930 25562 151075 332973 62214 110774 58560 57650 88494 106065 147288 
6523 280508 126569 41831 110107 87140 25638 67733 83399 67490 266860 307844 6551 
6530 160868 45950 311257 177356 46001 45952 116106 148230 176757 160870 39140 39135 177396 117803 98086 286293 55533 177347 160864 127586 177397 138467 73352 177435 176769 55805 
6537 14678 52160 13834 42703 13220 13594 13943 12936 51567 51616 52043 12774 11689 265633 14552 13896 13333 13270 51579 16716 13891 10120 42705 51608 13059 52050 110798 15642 13546 10346 16289 13901 51585 10400 52001 
6544 25664 55891 98076 29900 68358 82298 30616 44883 25659 29965 36829 25662 50202 326758 
6559 45419 30827 306549 
6574 46001 220088 39188 80102 290125 142193 92305 176756 6573 197199 161575 348022 92302 348245 35705 25635 177443 5086 42509 5832 161077 50139 9648 290053 177367 346422 
6575 105683 66715 56332 53227 74822 75314 26107 87075 66723 50156 55573 325276 50153 50158 53609 
6579 313024 
6582 171060 101619 41712 262853 29900 82930 12696 12649 142067 82858 115154 97662 82951 11222 44915 318536 58823 327152 43164 329939 326927 9615 
6584 258974 348097 56313 177430 176817 54394 5960 142066 348245 296913 50139 72138 55497 38676 6583 116482 321378 
6597 166820 166817 
6602 110792 79398 9390 176801 199353 189819 77561 10464 29636 44806 31940 53727 110980 53725 307160 110779 101672 62469 176866 19399 55761 6537 42284 
9390 95963 243384 29636 102425 63588 
9615 26939 55230 97401 247083 30938 138569 138606 236277 60969 97410 
10464 63753 
11222 229811 68497 169121 333147 21487 58826 60969 97399 17229 342077 
12649 289620 219115 29787 12507 83649 336439 283501 284113 90954 342081 56135 310862 72519 10019 348793 5378 172351 
12696 139990 346422 
13436 337094 336440 304721 305035 305033 
18401 138431 53817 327705 321864 34748 191043 
19279 19894 299058 23812 329020 47561 19896 58804 36079 17752 14751 285214 9354 287386 104244 45371 
19399 311969 111914 112595 
20009 177369 6645 6536 110778 130200 23810 35582 55532 308914 80700 140710 177344 23058 124684 177421 15598 11223 176985 110698 18849 6534 42166 46285 65940 61099 283531 
21395 114140 127583 121661 114141 114184 71831 64706 42497 48384 304070 35273 
23795 293608 33670 
25554 345515 259535 
25562 91568 346346 346348 346349 9379 
26480 26485 72184 56206 26489 306573 90862 306756 306574 26479 25599 62339 59131 274824 307242 341910 307808 
29624 66761 308429 335211 51209 83399 305846 308431 346386 308432 
29636 65265 98069 307121 29640 26887 9351 72614 29560 254990 70972 
29900 42701 29905 
31550 49186 286091 57597 335001 345985 286263 283542 259794 
31940 38432 327958 79296 75250 66787 77200 57158 52481 328032 
35579 335826 310249 142039 
35582 175859 255673 110738 76736 38501 5872 82118 5876 115931 177372 15898 41713 289595 308909 110778 
38192 233704 
38501 5864 290058 121659 283304 45966 319273 5869 
41120 352691 285348 282509 282516 76866 282507 282511 282515 
41712 351645 55230 234461 115928 115128 41711 58560 68491 
42284 91070 242806 39837 66730 
42637 91826 139418 110722 76315 
43164 72520 212141 114029 
44572 73792 73805 6727 49344 284997 345206 337094 50653 87530 63447 6563 310421 162604 46369 144952 88107 45976 29505 48692 77840 348811 315405 17320 6753 7168 87237 8192 46595 7461 83400 340656 350518 122986 10802 6353 95984 12740 300705 57648 54651 163997 15858 95982 43107 93241 17532 351363 297283 315480 47815 110750 345174 18612 6647 87497 120182 330812 73779 68908 315353 291485 73781 73578 341420 45278 73783 263564 44357 73802 95543 68912 144543 334491 29672 308542 6648 8190 294532 314193 70912 12943 12518 316166 29512 315401 88108 6378 30293 338423 140849 72557 49244 15844 307667 6806 6625 56074 15842 17468 29642 102438 233608 95990 348795 341909 61545 309513 53360 23372 224113 15856 315454 
44576 44578 44581 76514 44573 44575 44580 207889 44577 
44806 322023 322024 
44915 44916 44914 117552 352683 98091 44918 309683 
48695 67733 83893 
50523 177425 
51209 348794 308624 29787 95963 227518 19921 344156 35704 303972 13855 336440 12649 24580 77333 64345 279647 6515 59267 341681 280867 24911 286649 117644 37305 122554 95854 10464 144725 283078 63828 8188 110750 350554 55302 11221 53300 84135 42524 253122 5375 111032 284106 37021 131123 113649 281476 346401 283542 
51804 100441 
52191 207892 207887 82285 167819 
53548 38292 53549 45966 
53725 53726 53739 
53727 30757 330180 30849 328239 30384 76128 31939 53732 31945 72366 30892 66750 140148 30725 53722 29639 53740 53771 316232 308881 70860 120289 30338 72328 345209 25573 31942 75903 338711 124856 116545 42468 76127 188636 31833 348678 318207 42776 138210 52301 
54275 255673 233704 122391 69342 59230 114129 57588 
54394 5212 35712 85999 18621 5862 10717 54410 124809 339786 310262 309191 103014 59877 10148 9721 
54433 85999 18621 6571 98141 11373 309198 59877 5213 96144 5210 
55761 218555 30326 336776 82801 
55891 25653 86395 35679 25658 84396 25663 
57650 96435 124788 57649 283673 271543 76317 95541 84811 11256 121043 95973 
58560 341217 
58823 12696 11222 58829 85857 340231 63284 114017 53711 
62469 98068 82931 56091 68744 
65946 65945 
65947 176870 65946 66893 66748 
66748 308700 311533 298550 114699 279647 68497 298514 177442 38530 289579 38401 
66893 68556 66892 
72140 340212 340208 349164 
76736 5830 9648 25556 
79398 79400 79399 
82858 82941 82943 
82930 82931 83117 82935 82933 
82951 83124 5875 25636 
83122 83121 86366 
88494 88495 
91667 30996 113876 77429 135599 126310 135493 308871 166885 306090 345181 341425 120822 77496 77394 337215 171387 98561 315423 107091 348676 84634 80352 146799 124809 307778 251208 351354 127580 120409 323197 96143 341898 134111 307723 307662 124660 309197 166887 262380 135511 315464 124810 308083 73231 315412 308874 315729 86001 315439 107224 12729 77431 107093 98562 
91670 98701 146801 73232 77498 77503 92935 77397 92933 98562 226108 
92200 91684 92201 325276 
97662 326835 97661 327103 82945 84171 327150 287403 
99769 323503 117644 69834 288654 76866 
104243 104244 312654 
106065 63621 
110742 142006 
110774 110722 
110777 112740 76736 311959 110774 
110779 124847 176757 176798 38468 124846 110776 176872 
110792 176759 110791 
115154 26939 97401 238531 138606 142065 165309 308114 306529 9615 
124733 177378 295812 99028 124798 124854 
137597 6602 6582 110777 5904 5833 5865 6106 65947 5834 
138569 319280 52468 
140365 6570 180254 302570 55533 
141313 91044 
142067 142063 142064 
147205 245511 276996 239312 
147210 349622 326123 
147288 306229 120477 6689 39247 
151075 103670 329944 131952 330083 326766 
152992 233185 328520 328021 155620 240282 328930 
160913 160866 130622 331832 323494 349164 160867 5383 98527 
171060 42547 311661 282507 307598 
176654 347953 79300 65792 312675 35577 313021 176653 46405 176652 84138 
176798 176756 177371 
176801 176759 177374 176795 
176817 176785 248621 176772 
176833 124684 176814 176786 
176866 177371 
176867 177372 346422 
177377 176878 
177380 110778 177344 177375 176985 308177 
177431 5216 5219 6570 177430 309595 5871 6386 
207887 124796 350807 351762 29906 
231499 68018 
236278 175105 277039 68558 64358 56135 218261 76610 120151 34582 329813 118174 
270930 91118 186695 53816 68220 93586 
276988 276993 
277999 256555 234480 287387 289595 298517 
293886 293888 
295646 317393 70845 
295813 295812 
302698 53875 264150 
305756 161576 
307160 218048 102425 
310386 310382 306712 310388 334197 344019 310397 103103 333715 334198 310381 
311770 39836 311771 311769 
311959 306043 311958 
312426 37745 348020 349896 308943 
325267 110244 66716 12291 55931 345518 
326801 307079 310610 335535 353313 310699 334125 102856 71691 269021 287556 335326 224898 309875 141377 29904 316793 125130 113094 309694 327076 296909 135912 277072 293606 68015 134243 
332973 11081 7691 332972 330082 
