5066 49
5086 137
5172 22
5195 327
5210 12
5212 5
5213 10
5216 80
5219 275
5302 37
5375 55
5378 44
5383 23
5830 119
5832 48
5833 33
5834 80
5862 14
5864 109
5865 43
5869 29
5870 27
5871 147
5872 31
5873 42
5874 96
5875 22
5876 82
5904 0
5960 44
6017 31
6106 81
6353 18
6378 9
6386 88
6515 21
6523 60
6530 19
6534 195
6536 148
6537 3
6544 44
6551 128
6559 10
6563 7
6570 30
6571 10
6573 41
6574 106
6575 82
6576 86
6579 27
6582 38
6583 8
6584 16
6597 41
6602 22
6625 7
6645 185
6647 14
6648 28
6670 94
6689 49
6727 15
6753 25
6806 28
7168 11
7461 10
7691 23
8188 19
8190 4
8192 73
8545 19
9351 73
9354 15
9379 17
9390 18
9391 13
9615 21
9648 37
9721 67
10019 26
10120 42
10148 10
10156 12
10346 4
10400 3
10464 31
10582 28
10717 19
10802 11
11081 6
11221 16
11222 26
11223 55
11256 33
11373 60
11689 2
12291 30
12507 36
12518 17
12649 12
12696 40
12729 26
12740 12
12774 3
12936 1
12943 2
13059 1
13220 3
13270 1
13333 1
13436 3
13546 1
13594 1
13834 1
13855 26
13891 1
13896 1
13901 1
13943 2
14093 8
14552 1
14678 1
14751 8
14830 12
15598 15
15642 1
15842 20
15844 10
15856 8
15858 16
15898 20
16289 3
16716 1
16740 0
17229 0
17320 12
17468 21
17532 6
17752 4
18401 28
18612 29
18621 10
18849 29
19279 4
19399 18
19863 42
19894 14
19896 24
19921 9
20009 60
21133 100
21395 80
21487 37
21718 8
23058 44
23372 16
23795 69
23810 130
23812 19
24580 12
24911 10
25554 10655
25556 35
25562 19
25573 45
25599 13
25635 30
25636 18
25638 31
25653 59
25658 27
25659 43
25662 9
25663 37
25664 10
26107 1
26479 12
26480 15
26485 39
26489 39
26887 53
26939 27
29505 13
29512 9
29560 5
29624 123
29625 63
29636 43
29639 58
29640 34
29642 7
29672 48
29787 22
29900 20
29904 7
29905 10
29906 30
29965 29
30279 18
30293 15
30326 8
30338 31
30384 54
30616 11
30725 64
30757 1
30827 28
30849 108
30892 30
30938 46
30996 28
31446 11
31550 109
31833 38
31939 8
31940 6
31942 2
31945 2
33010 27
33670 21
34201 5
34582 8
34748 39
35273 19
35577 0
35579 17
35582 51
35679 22
35704 1
35705 12
35712 15
36079 17
36829 44
37021 8
37200 32
37305 27
37311 26
37476 0
37745 0
38192 7
38292 22
38401 24
38432 31
38463 6
38468 54
38501 27
38530 6
38676 40
39135 76
39140 15
39188 62
39190 28
39247 53
39836 0
39837 9
40201 18
40671 7
41120 1
41711 18
41712 19
41713 7
41831 11
42166 65
42284 20
42468 33
42474 24
42489 10
42497 15
42509 12
42524 5
42547 1
42637 23
42701 23
42703 0
42705 1
42776 32
43107 42
43164 30
43318 15
44082 18
44357 4
44380 11
44381 5
44572 2
44573 1
44574 7
44575 7
44576 0
44577 7
44578 1
44580 13
44581 11
44708 9
44806 12
44807 42
44883 11
44914 14
44915 14
44916 18
44918 49
45278 6
45361 6
45371 8
45419 32
45950 18
45952 0
45966 7
45976 7
46001 21
46069 34
46285 13
46369 4
46405 0
46595 4
46731 35
46923 3
46978 19
47561 35
47815 8
47893 5
48384 9
48637 40
48692 15
48695 16
48721 2
48740 5
49186 75
49244 9
49344 11
50139 15
50153 8
50156 19
50158 24
50202 12
50523 12
50653 11
50747 10
50793 33
51209 0
51567 0
51579 1
51585 3
51608 0
51616 1
51804 14
52001 1
52043 3
52050 1
52080 10
52160 0
52191 24
52301 43
52468 13
52481 98
53225 40
53226 33
53227 50
53278 0
53300 1
53360 16
53548 14
53549 10
53555 13
53608 15
53609 21
53618 22
53711 3
53722 9
53725 0
53726 0
53727 0
53732 24
53739 17
53740 4
53771 0
53816 5
53817 15
53875 12
54261 6
54275 13
54394 54
54410 21
54433 7
54651 9
55230 30
55302 18
55497 8
55532 18
55533 16
55550 16
55552 28
55555 18
55566 7
55569 8
55573 20
55628 21
55761 13
55805 46
55891 12
55931 11
56074 6
56091 7
56135 6
56206 5
56313 14
56332 26
56353 2
56752 9
57158 30
57588 7
57595 11
57597 48
57648 22
57649 34
57650 0
58435 0
58560 14
58804 0
58823 17
58826 0
58829 49
59108 6
59131 19
59230 1
59267 43
59709 0
59877 11
60356 4
60934 6
60969 4
61099 20
61545 12
62214 13
62339 1
62469 29
63284 8
63447 4
63588 29
63621 27
63663 6
63753 0
63828 14
64273 9
64345 7
64358 53
64706 6
65265 8
65792 0
65940 4
65945 4
65946 1
65947 2
65992 9
66715 5
66716 20
66723 6
66730 4
66748 39
66750 58
66761 7
66787 0
66892 2
66893 1
67490 28
67556 9
67733 4
68015 2
68018 6
68220 15
68358 18
68491 19
68497 23
68556 3
68558 1
68735 4
68744 6
68908 7
68912 9
69342 15
69834 18
70845 3
70860 2
70912 21
70972 8
71691 3
71831 16
72138 18
72140 5
72184 29
72328 16
72366 5
72519 31
72520 8
72557 4
72614 4
73231 3
73232 5
73352 11
73578 7
73693 6
73779 4
73781 5
73783 4
73792 0
73802 1
73805 0
74822 4
75055 6
75250 2
75314 6
75903 6
76127 9
76128 10
76315 2
76317 7
76514 0
76610 14
76736 7
76866 6
77200 22
77333 4
77394 2
77397 3
77429 13
77431 11
77496 3
77498 7
77503 9
77561 5
77840 7
79296 0
79300 0
79398 12
79399 4
79400 4
80102 13
80352 2
80700 11
82037 4
82118 24
82285 10
82298 3
82801 98
82858 0
82930 0
82931 6
82933 1
82935 4
82941 1
82943 4
82945 2
82951 0
83117 13
83121 7
83122 10
83124 1
83399 9
83400 3
83649 20
83893 3
84135 6
84138 0
84171 0
84396 15
84634 4
84811 9
85543 1
85857 7
85999 25
86001 6
86366 6
86395 15
87075 33
87140 34
87237 1
87497 18
87530 2
88107 7
88108 1
88494 2
88495 3
90862 3
90954 0
91044 15
91070 14
91118 5
91568 27
91667 0
91670 0
91684 8
91826 5
92200 13
92201 4
92202 7
92302 5
92305 21
92933 5
92935 0
93241 1
93586 4
95541 12
95543 5
95854 3
95963 8
95973 2
95982 2
95984 3
95990 2
96143 7
96144 2
96435 7
97399 0
97401 2
97410 106
97661 0
97662 2
98068 1
98069 12
98076 0
98086 3
98091 11
98095 1
98097 6
98141 8
98527 2
98561 7
98562 26
98701 6
99028 19
99033 9
99769 31
100441 5
101619 8
101663 6
101672 4
102425 16
102438 4
102856 2
103014 12
103103 27
103670 6
104243 12
104244 2
105683 16
106065 54
107091 2
107093 2
107224 7
110107 9
110244 13
110497 4
110698 0
110722 9
110738 1
110742 6
110750 0
110774 2
110776 6
110777 15
110778 1
110779 0
110791 0
110792 5
110798 0
110980 1
111032 0
111914 0
112595 3
112740 8
113094 12
113649 2
113876 0
114017 5
114029 2
114129 4
114140 4
114141 5
114184 1
114699 10
115128 2
115154 26
115928 4
115931 5
116106 12
116482 22
116545 3
117208 11
117552 3
117644 12
117803 3
118038 4
118174 7
120151 15
120153 7
120182 5
120289 7
120409 7
120477 3
120822 5
121043 5
121651 110
121659 9
121661 7
121662 1
122391 1
122554 24
122639 6
122794 5
122986 19
124660 8
124684 5
124733 4
124788 29
124796 2
124798 3
124809 0
124810 0
124846 1
124847 1
124854 8
124856 24
125130 2
126310 11
126569 6
127580 29
127583 6
127586 0
130200 8
130622 28
131123 13
131952 5
133128 24
134111 3
134243 3
135493 13
135511 16
135599 12
135912 3
137597 0
138210 18
138431 11
138467 4
138569 7
138606 3
139418 2
139427 0
139990 16
140148 14
140365 12
140710 9
140849 4
141313 1
141377 4
142006 9
142039 3
142063 6
142064 0
142065 2
142066 0
142067 0
142193 6
144543 11
144725 17
144952 3
145651 10
146749 4
146799 0
146801 0
147205 3253
147210 4180
147288 6
148230 1546
151075 0
152992 885
155620 2364
160864 29
160866 2
160867 7
160868 16
160870 0
160913 10
161077 0
161575 10
161576 74
162604 8
163997 8
165309 3
166817 23
166820 49
166885 1
166887 5
167819 9
169121 7
171060 18
171387 5
172351 1
175105 51
175859 4
176652 0
176653 0
176654 0
176756 2
176757 0
176759 1
176769 1
176772 0
176785 0
176786 9
176795 0
176798 13
176801 3
176814 1
176817 0
176833 0
176866 2
176867 0
176870 13
176872 3
176878 0
176985 0
177344 3
177347 0
177356 2
177367 1
177369 0
177371 0
177372 1
177374 6
177375 0
177377 2
177378 0
177380 4
177396 0
177397 0
177421 0
177425 5
177429 0
177430 2
177431 0
177435 0
177442 3
177443 0
180254 2
186695 2
188636 4
189817 17
189819 5
191043 14
191425 12
192033 0
197199 4
199353 616
207877 34
207887 0
207889 0
207892 0
212141 4
218048 10
218261 3
218292 2
218555 11
219005 29
219115 4
220088 1297
220102 589
220110 2412
224113 3
224898 22
226108 0
227518 27
229811 0
231499 8
233185 362
233608 3
233704 4
234461 3
234480 24
234834 9
236277 2
236278 11
238531 8
239312 4143
240282 553
242806 10
243384 4
245511 299
247083 5
248621 3
251208 5
253122 20
254990 32
255673 12
256555 5
258974 6
259535 0
259794 11
262380 4
262853 14
263564 3
264150 13
265633 7
266860 17
267528 5
269021 3
270930 14
271543 12
271750 3
274824 14
275297 53
276988 14
276993 5
276996 1378
277039 3
277072 4
277999 16
279647 50
280508 5
280867 8
281476 22
281810 9
282507 51
282509 32
282511 35
282515 139
282516 9
283078 10
283304 35
283501 10
283531 4
283542 21
283673 2
284106 29
284113 6
284997 8
285214 2
285348 52
286091 20
286263 13
286293 9
286649 20
287386 57
287387 3
287403 2
287556 4
288252 4
288654 3
289524 4
289526 4
289579 4
289595 7
289620 11
290053 3
290058 5
290125 2
290221 2
291485 4
292242 6
293602 16
293606 12
293608 7
293695 10
293886 3
293888 26
294532 3
295430 30
295646 27
295812 15
295813 17
296909 1
296913 0
297283 2
298514 26
298517 3
298550 3
299058 9
300431 4
300705 1
302570 4
302698 13
303972 4
304069 3
304070 22
304721 40
305033 89
305035 17
305654 28
305756 1
305801 6
305846 8
306043 2
306090 1
306229 7
306529 2
306549 3
306573 0
306574 3
306591 0
306712 21
306756 0
307079 2
307121 16
307160 9
307242 11
307598 1
307662 5
307667 10
307723 5
307778 6
307808 31
307844 1
308083 2
308114 1
308177 3
308429 7
308431 5
308432 14
308542 4
308624 10
308700 0
308871 2
308874 1
308881 9
308909 1
308914 9
308943 0
309191 19
309197 7
309198 22
309513 7
309595 3
309683 4
309694 5
309875 1
310249 0
310262 16
310381 6
310382 8
310386 0
310388 25
310397 31
310421 4
310610 5
310699 3
310862 5
311257 9
311533 0
311661 4
311769 0
311770 0
311771 0
311958 5
311959 0
311969 0
312426 0
312654 7
312675 0
313021 0
313024 0
314193 3
314252 10
315299 15
315353 5
315401 2
315405 9
315412 7
315423 7
315439 5
315454 5
315464 11
315480 3
315729 11
316166 9
316232 18
316793 3
317170 6
317393 22
318207 8
318536 411
318848 6
319273 3
319280 5
319721 9
321378 4
321864 19
322023 3
322024 5
323197 5
323494 0
323503 5
323731 6
325267 0
325276 4
326123 3992
326758 4
326766 0
326801 0
326835 5
326927 2
327076 2
327103 1
327150 1
327152 2
327705 22
327958 8
328021 537
328032 3
328239 2
328386 7
328520 190
328930 250
329020 7
329813 3
329939 3
329944 1
330082 8
330083 5
330180 15
330812 6
331599 0
331832 3
332972 4
332973 1
333147 187
333715 5
334125 3
334197 1
334198 0
334491 3
335001 3
335211 1
335326 6
335535 4
335826 0
336439 41
336440 0
336776 11
337094 0
337215 6
338423 5
338711 5
338881 0
339786 1
340208 17
340212 0
340231 14
340656 5
341217 11
341420 3
341425 4
341613 4
341681 5
341898 3
341909 4
341910 0
342077 10
342081 0
344019 2
344156 6
345174 2
345181 2
345206 11
345209 3
345515 2
345518 5
345985 1
346346 8
346348 4
346349 7
346386 8
346401 56
346422 4
347953 0
348020 0
348022 0
348097 0
348245 3
348676 5
348678 9
348793 5
348794 0
348795 0
348811 7
349164 21
349622 6281
349896 0
350518 4
350554 8
350807 6
350875 9
351354 2
351363 3
351645 3
351762 7
352683 9
352691 0
353313 1
353504 12
