5066 4 81 50200.763671875 6440.21875
5086 4 99 15242.1650390625 4385.771484375
5172 4 69 48541.54296875 5297.11328125
5195 3 116 8773.572265625 16721.1787109375
5210 4 61 9178.767578125 40729.1943359375
5212 3 54 8929.48828125 36590.7001953125
5213 4 59 9837.1015625 40347.4775390625
5216 4 89 16155.61328125 11586.634765625
5219 4 113 16818.255859375 10883.869140625
5302 3 77 37697.9287109375 11993.953125
5375 4 83 46423.095703125 58024.029296875
5378 4 79 17390.3212890625 29446.774169921875
5383 4 69 16536.8447265625 41347.4091796875
5832 4 81 15018.8515625 5970.296875
5833 2 75 16250.9365234375 14749.08984375
5834 2 89 12805.25390625 38861.02587890625
5862 4 63 11320.107421875 44146.7666015625
5864 4 95 38243.90625 8872.85546875
5865 2 79 41460.4609375 12626.283203125
5869 4 73 38128.4453125 9798.66796875
5870 3 72 44516.4013671875 15717.767578125
5871 4 101 17243.3232421875 11732.5
5872 3 74 48191.6796875 6602.994140625
5873 3 79 44013.6689453125 11038.091796875
5874 3 93 40756.935546875 2571.51171875
5875 4 69 21526.2861328125 29575.09423828125
5904 2 46 34446.4443359375 53739.1484375
5960 4 79 11416.37109375 15038.580078125
6017 4 74 7913.029296875 15777.6083984375
6106 2 90 34304.96044921875 27085.2138671875
6353 4 66 29951.424240112305 71976.8046875
6378 4 58 31078.817138671875 67918.05078125
6386 4 91 15772.41796875 12375.380859375
6515 4 68 44947.3798828125 57974.1640625
6523 3 84 19014.31640625 17652.4443359375
6530 3 67 49164.580078125 13346.69921875
6534 4 106 6796.462890625 8996.08984375
6536 4 101 6877.95703125 7891.869140625
6537 4 51 44970.7626953125 15115.17578125
6544 3 79 38377.0830078125 24998.9140625
6551 4 98 20480.2314453125 18701.345703125
6559 3 59 43544.8662109375 12968.04296875
6563 4 56 32201.7265625 68211.8203125
6570 4 73 15728.9609375 16851.6572265625
6571 4 59 8459.5234375 39593.39892578125
6573 4 78 18025.056640625 4703.640625
6574 3 95 16640.240234375 5896.623046875
6575 3 90 13975.5966796875 10722.537109375
6576 4 91 7126.55859375 15737.611328125
6579 3 72 40433.0205078125 11931.359375
6582 2 77 23851.0537109375 30481.536865234375
6583 4 57 11422.541015625 13175.39453125
6584 3 65 12132.205078125 13966.337890625
6597 3 78 36544.57421875 53079.060546875
6602 2 69 43671.6748046875 33416.7626953125
6625 4 56 33768.058349609375 70475.1015625
6645 4 105 7436.314453125 6863.689453125
6647 4 63 33705.587158203125 68117.16796875
6648 4 72 29090.07843017578 70869.8671875
6670 3 92 42314.451171875 13070.8203125
6689 4 81 35812.45703125 49518.5546875
6727 4 64 34190.55712890625 68659.9609375
6753 4 71 30696.292358398438 72715.9609375
6806 4 72 29308.054626464844 71777.71875
7168 4 60 33435.03466796875 68623.19921875
7461 4 59 29947.24917602539 70289.55859375
7691 4 69 36967.25830078125 29436.54638671875
8188 4 67 44213.1103515625 54872.505859375
8190 4 52 33602.716796875 69936.3984375
8192 4 88 28657.1328125 70056.66796875
8545 4 67 36575.37158203125 11235.140625
9354 4 64 14825.7001953125 19305.1171875
9379 4 65 33556.804443359375 30174.0
9390 3 66 43961.10546875 30753.569458007812
9391 4 62 7664.91796875 36177.757568359375
9615 4 68 25433.3369140625 26241.1611328125
9648 4 77 17049.2021484375 4191.3359375
9721 4 86 9701.390625 45584.2919921875
10019 4 71 18363.8291015625 29832.115478515625
10148 4 59 10462.525390625 44510.1865234375
10156 4 61 44900.40234375 11047.818359375
10464 3 74 43169.6025390625 32403.694458007812
10582 4 72 42394.08984375 2057.794921875
10717 4 67 9297.740234375 43312.1513671875
10802 4 60 34205.88330078125 70089.23046875
11081 4 55 35851.53857421875 29439.389892578125
11221 4 65 46470.669921875 55535.998046875
11222 3 71 25573.4990234375 33676.01550292969
11223 4 83 7486.05859375 9684.384765625
11256 4 75 32030.847900390625 60116.166015625
11373 4 84 8295.248046875 40412.408203125
12291 4 73 35552.90966796875 57821.951171875
12507 4 76 17264.2685546875 27674.52734375
12518 4 65 30177.196014404297 67882.56640625
12649 3 61 18647.833984375 28479.638427734375
12696 3 78 22609.3701171875 30615.821411132812
12729 4 71 8.724609375 41322.818359375
12740 4 61 30467.903869628906 72280.91015625
12943 4 49 31412.019287109375 69464.453125
13436 3 51 37111.66357421875 55808.03515625
13855 4 71 45536.1240234375 54350.76953125
14093 4 57 8133.966796875 35684.11328125
14751 4 57 13997.2119140625 17773.693359375
14830 3 61 34262.15576171875 26415.52978515625
15598 4 64 7515.03515625 8655.33203125
15842 4 68 31290.561279296875 67370.0546875
15844 4 59 31618.510620117188 72076.921875
15856 4 57 31222.982177734375 72189.6640625
15858 4 65 34386.76318359375 69658.390625
16740 4 46 40073.779296875 2197.54296875
17229 4 46 25734.305419921875 34234.6181640625
17320 4 61 29708.572814941406 70930.10546875
17468 4 68 32178.432861328125 72659.3203125
17532 4 55 32012.076171875 67738.08984375
17752 4 52 14049.5791015625 19078.908203125
18401 4 72 49356.091796875 7812.36328125
18612 4 73 31218.6826171875 73062.3046875
18621 4 59 10018.80859375 43099.8046875
18849 4 73 7710.265625 7985.77734375
19279 3 52 13929.4306640625 18551.70703125
19399 4 66 37562.7861328125 12644.40234375
19863 4 79 48990.64453125 4903.248046875
19894 4 63 7581.70703125 17312.5390625
19896 4 70 14157.4140625 19789.1806640625
19921 4 58 44274.0947265625 55926.955078125
20009 3 84 8895.09765625 8595.529296875
21133 4 94 42193.0908203125 1185.626953125
21395 3 89 42064.1123046875 8653.18359375
21487 4 77 26849.05224609375 34037.81750488281
21718 4 57 49088.04296875 5669.154296875
23058 4 79 8282.080078125 10016.099609375
23372 4 65 34259.755859375 70931.90625
23795 3 87 42398.2294921875 14026.20703125
23810 4 98 9584.630859375 6970.943359375
23812 4 67 12664.404296875 18689.26953125
24580 4 61 45314.5361328125 55008.994140625
24911 4 59 44247.2001953125 55388.029296875
25554 3 185 36285.45849609375 52010.435546875
25562 3 67 34314.88818359375 29804.131591796875
25573 4 80 54653.734375 36113.7275390625
25599 4 62 39586.169921875 48736.60546875
25635 4 73 16287.1669921875 4324.04296875
25636 4 66 21621.2373046875 28864.1533203125
25638 4 74 18258.318359375 18627.712890625
25653 4 84 34089.2109375 22411.025390625
25658 4 72 35498.6494140625 23090.3564453125
25659 4 79 39827.5732421875 24458.0966796875
25662 4 58 38976.279296875 24507.88037109375
25663 4 77 35059.2587890625 22386.740234375
25664 4 59 38646.1005859375 25899.48876953125
26107 4 47 13285.0390625 10482.68359375
26479 4 61 39022.421875 50277.576171875
26480 3 64 38833.2763671875 49405.357421875
26485 4 77 40445.423828125 49328.923828125
26489 4 77 38699.9267578125 47919.2607421875
26939 4 72 26283.569091796875 26343.0732421875
29505 4 62 29295.648559570312 69785.90625
29512 4 58 30702.356079101562 71866.41796875
29624 3 97 38947.4736328125 14438.494140625
29625 4 85 39534.3505859375 558.328125
29636 4 79 43560.8310546875 29696.928955078125
29639 4 84 55167.927734375 34089.5234375
29642 4 56 33321.91796875 71016.15234375
29672 4 81 34746.35009765625 70563.14453125
29787 4 69 18592.58984375 27264.15673828125
29900 3 68 32832.9931640625 27697.6171875
29904 4 56 38451.400390625 61895.154296875
29905 4 59 32315.034912109375 28337.267578125
29906 4 73 33531.99853515625 50119.48046875
29965 4 73 39153.5185546875 23849.8046875
30279 3 66 40842.359375 13105.095703125
30293 4 64 33188.343505859375 71885.953125
30326 4 57 46467.162109375 33190.880126953125
30338 4 74 52191.693359375 32966.70739746094
30384 4 83 52376.158203125 36687.1396484375
30616 4 60 38386.599609375 23796.3173828125
30725 4 86 53951.451171875 32974.267028808594
30757 4 47 53460.03125 35205.863525390625
30827 4 72 44199.1005859375 12539.984375
30849 4 95 55326.41796875 35188.216796875
30892 4 73 51294.033203125 34212.12646484375
30996 4 72 0.0 42544.7744140625
31446 4 60 9256.84375 35935.330810546875
31550 3 95 19172.1728515625 11256.22265625
31833 4 77 51758.623046875 36019.69140625
31939 4 57 51898.154296875 34390.446044921875
31940 3 55 46817.736328125 30987.341430664062
31942 4 49 52618.283203125 34806.308349609375
31945 4 49 53734.130859375 34219.292236328125
33010 4 72 38739.810546875 1649.5859375
33670 4 68 43090.939453125 14431.4609375
34201 4 54 43733.734375 10396.07421875
34582 4 57 31680.111938476562 48332.994140625
35273 4 67 41266.2978515625 7482.994140625
35577 4 46 15850.24609375 36688.87890625
35579 3 65 35387.306640625 55300.21875
35582 4 82 8168.470703125 7432.5546875
35679 4 69 33940.069580078125 23329.85546875
35704 4 47 47804.69921875 6103.041015625
35705 4 61 17571.7744140625 5372.177734375
35712 4 64 9953.349609375 44859.91796875
36079 4 65 13444.484375 19894.5390625
36829 4 79 39574.8876953125 25729.666015625
37021 4 57 49179.09375 7268.46875
37200 4 74 7711.04296875 37019.861328125
37305 4 72 44160.12890625 57704.873046875
37476 4 46 47770.8515625 6991.849609375
37745 4 46 31678.3125 53359.037109375
38192 3 56 41634.162109375 13360.494140625
38292 4 69 40297.6953125 14278.4609375
38401 4 70 36369.46826171875 12064.208984375
38432 4 74 47838.91015625 31515.06951904297
38463 4 55 37049.4912109375 11795.20703125
38468 4 83 41437.349609375 36489.74951171875
38501 3 72 39206.6484375 9940.08984375
38530 4 55 31859.427490234375 34818.4560546875
38676 4 78 10772.013671875 13126.001953125
39135 4 89 50917.568359375 12676.171875
39140 4 64 50278.859375 13274.14453125
39188 4 85 18357.0830078125 5592.5234375
39190 4 72 49723.830078125 5404.22265625
39247 4 82 34946.5322265625 49241.427734375
39836 4 46 35397.50732421875 25249.3720703125
39837 4 58 44367.0234375 36493.376953125
40201 4 66 44364.5751953125 10199.859375
40671 4 56 48009.337890625 7723.328125
41120 3 47 38865.7744140625 53520.025390625
41711 4 66 19465.982421875 32140.416051864624
41712 3 67 20668.4990234375 32177.42245864868
41831 4 60 19801.1748046875 16844.3408203125
42166 4 86 8386.30078125 6796.3984375
42284 3 68 43808.6083984375 36099.42333984375
42468 4 75 53908.333984375 35809.362548828125
42474 4 70 47963.736328125 4884.779296875
42489 4 59 40737.3828125 3807.4140625
42497 4 64 42712.0869140625 7377.314453125
42509 4 61 17775.7109375 6286.072265625
42524 4 54 44538.1552734375 57068.240234375
42547 4 47 24298.033203125 28502.465576171875
42637 3 69 31989.994873046875 26474.2158203125
42701 4 69 32030.886962890625 27703.767578125
42776 4 74 53223.72265625 32987.61834716797
43107 4 79 33465.395263671875 72770.04296875
43164 3 73 25830.9775390625 30082.44677734375
43318 4 64 40168.3994140625 3828.693359375
44082 4 66 46788.517578125 6584.767578125
44357 4 52 32282.6103515625 68838.203125
44380 4 60 8728.150390625 35420.835205078125
44381 4 54 8514.05078125 36077.378662109375
44572 3 49 31683.8828125 69938.671875
44573 4 47 31012.760375976562 55943.884765625
44574 4 56 8289.9453125 36644.8515625
44575 4 56 31662.526977539062 56758.197265625
44576 3 46 31478.36669921875 55890.498046875
44577 4 56 31188.547485351562 56640.921875
44578 4 47 30763.384704589844 55438.333984375
44580 4 62 30378.157348632812 56139.05078125
44581 4 60 30629.16082763672 56899.205078125
44708 3 58 34489.111328125 54193.0625
44806 3 61 42317.892578125 33656.83251953125
44807 4 79 47151.775390625 5215.56640625
44883 4 60 37995.8681640625 25592.76806640625
44915 4 63 49552.033203125 6106.4609375
45278 4 55 29792.742294311523 69836.8984375
45361 3 55 34020.302734375 53277.4453125
45371 4 57 13522.1806640625 19213.95703125
45419 4 74 44599.7919921875 13227.330078125
45950 4 66 49161.431640625 14953.453125
45952 4 46 49240.1484375 13899.9609375
45966 4 56 39183.7841796875 8899.537109375
45976 4 56 33698.602294921875 69477.64453125
46001 4 68 17328.82421875 4920.6640625
46069 4 75 41063.2314453125 868.26953125
46285 3 62 40946.6884765625 12384.212890625
46369 4 52 32425.1806640625 71644.49609375
46405 4 46 15479.2333984375 36218.57861328125
46595 4 52 32820.803466796875 70334.26171875
46731 4 76 40460.4375 590.435546875
46923 4 51 47526.427734375 6546.056640625
46978 4 67 39399.9833984375 1447.525390625
47561 4 76 13010.92578125 17863.462890625
47815 4 57 31070.498046875 71453.30078125
47893 4 54 36935.39453125 12455.970703125
48384 4 58 41350.5771484375 8848.12890625
48637 4 78 45782.8203125 15470.625
48692 4 64 29739.356338500977 68452.4375
48695 3 65 40937.732421875 11349.109375
48721 4 49 41068.015625 2142.474609375
48740 4 54 39685.6484375 3253.7578125
49186 4 88 19842.560546875 9803.0234375
49244 4 58 33625.009765625 70897.97265625
49344 4 60 30464.83038330078 71491.07421875
50139 4 64 15483.9052734375 5149.361328125
50153 4 57 14271.091796875 11300.46484375
50156 4 67 12867.884765625 9935.416015625
50158 4 70 12610.5234375 10623.474609375
50202 4 61 39416.947265625 25036.88623046875
50523 3 61 42108.7939453125 11548.275390625
50653 4 60 32758.260986328125 71993.15234375
50747 4 59 41392.5185546875 3841.900390625
50793 4 75 8921.59765625 18216.146484375
51209 3 46 45056.59375 56398.283203125
51804 3 63 42575.689453125 12253.828125
52080 4 59 8516.21484375 17564.521484375
52191 3 70 32689.37255859375 52414.5703125
52301 4 79 54432.619140625 33431.41857910156
52468 4 62 10625.23828125 38355.03271484375
52481 4 93 47891.892578125 29968.038818359375
53225 4 78 7025.322265625 16589.4169921875
53226 4 75 8362.337890625 15248.82421875
53278 4 46 41066.62890625 3364.302734375
53300 4 47 45294.48828125 55538.59765625
53360 4 65 30763.069580078125 67603.21484375
53548 3 63 40922.4599609375 13886.640625
53549 4 59 41095.3193359375 14485.90625
53711 4 51 22245.43310546875 27626.6650390625
53722 4 58 52084.462890625 35005.19677734375
53725 3 46 42292.810546875 32648.06365966797
53726 4 46 41927.2392578125 32095.11819267273
53727 3 46 52942.5234375 34934.925048828125
53732 4 70 54595.224609375 35259.185791015625
53739 4 65 41495.697265625 32592.95474243164
53740 4 52 52092.169921875 35425.429443359375
53771 4 46 52621.119140625 34146.365966796875
53816 4 54 31822.463745117188 24262.3974609375
53875 4 61 32732.942626953125 54246.63671875
54261 4 55 37314.08203125 11155.55859375
54275 3 62 41241.72265625 15657.802734375
54394 3 83 10276.09375 43892.6767578125
54410 4 68 10653.6953125 45378.939453125
54433 3 56 9522.33984375 39812.3330078125
54651 4 58 30083.05549621582 68844.046875
55230 4 73 19659.478515625 33042.332763671875
55302 4 66 43440.8095703125 56476.0703125
55497 4 57 12107.6875 14995.60546875
55532 4 66 10048.7578125 8751.072265625
55533 4 65 16079.1513671875 17491.986328125
55552 4 72 43981.6220703125 16527.1279296875
55555 4 66 44479.9501953125 16985.5166015625
55566 4 56 44811.3544921875 16330.759765625
55569 4 57 43803.482421875 15804.875
55573 4 68 45643.8291015625 16228.27734375
55628 4 68 38842.9287109375 2454.783203125
55761 3 62 46199.4208984375 33777.42614746094
55805 4 80 50175.404296875 12206.4375
55891 3 61 34634.54052734375 23606.685546875
55931 4 60 34897.1201171875 57442.728515625
56074 4 55 33113.919921875 68807.046875
56091 4 56 45400.4453125 36350.69140625
56135 4 55 18252.8115234375 28615.84228515625
56206 4 54 39748.8583984375 49460.890625
56313 4 63 11137.1796875 13828.5546875
56332 4 71 13405.89453125 9352.044921875
56353 4 49 41547.0341796875 2043.595703125
56752 4 58 9681.115234375 16861.2958984375
57158 4 73 46805.48828125 29832.853515625
57588 4 56 40570.7294921875 16396.0888671875
57595 4 60 8093.962890625 17895.591796875
57597 4 81 20434.4267578125 10463.001953125
57648 4 69 33756.16162109375 72016.375
57649 4 75 32959.31591796875 59927.4921875
57650 3 46 32407.611083984375 58601.341796875
58435 4 46 8197.23828125 16459.7763671875
58560 4 63 20052.0576171875 31538.953552246094
58804 4 46 13538.4619140625 18170.25390625
58823 3 65 22871.11279296875 27479.03955078125
58826 4 46 24950.9443359375 33901.86865234375
58829 4 81 22505.67724609375 26203.5751953125
59108 4 55 8535.212890625 37168.4306640625
59131 4 67 39933.6318359375 50154.572265625
59230 4 47 41835.865234375 15680.12890625
59267 4 79 46633.771484375 57239.548828125
59709 4 46 41541.6142578125 2566.630859375
59877 4 60 9637.0 44296.58984375
60356 4 52 41527.8291015625 1642.767578125
60934 4 55 40800.8974609375 1723.591796875
61099 4 68 10174.357421875 8014.689453125
61545 4 61 32761.455078125 67679.3046875
62214 3 62 33565.55322265625 27055.888671875
62339 4 47 38650.431640625 48874.65234375
62469 3 73 45551.375 35613.118896484375
63284 4 57 23265.38427734375 26607.00048828125
63447 4 52 31812.593627929688 69367.09765625
63588 4 73 44439.0947265625 29733.98876953125
63621 4 72 32995.809326171875 29099.625
63663 4 55 49193.859375 6486.06640625
63753 4 46 42854.3271484375 31829.874969482422
63828 4 63 45927.30078125 57511.373046875
64273 4 58 8047.990234375 17039.875
64345 4 56 43947.716796875 57062.09375
64358 4 82 31083.111083984375 47956.0556640625
64706 4 55 42624.033203125 9038.8671875
65792 4 46 14262.1962890625 36264.74755859375
65940 4 52 9078.005859375 8064.1171875
65945 4 52 30029.279739379883 31959.460693359375
65946 3 47 30390.138061523438 32408.343322753906
65947 2 49 30649.295654296875 32911.25476074219
65992 4 58 47690.423828125 5571.681640625
66715 4 54 13702.974609375 11427.376953125
66716 4 68 34831.40771484375 58053.033203125
66723 4 55 13135.794921875 11072.267578125
66730 4 52 43315.521484375 36466.267578125
66748 3 77 31281.137451171875 35240.1787109375
66750 4 84 53981.275390625 36866.55712890625
66761 4 56 38040.7138671875 14165.625
66787 4 46 46313.017578125 31148.671630859375
66892 4 49 31955.088134765625 33334.95361328125
66893 3 47 31419.506713867188 32994.51208496094
67490 4 72 18924.0517578125 19007.25
67556 4 58 47220.05859375 7110.673828125
67733 4 52 18912.279296875 18223.1181640625
68015 4 49 38789.6416015625 61421.70703125
68018 4 55 14930.638671875 16066.1416015625
68220 4 64 32164.12255859375 23607.134765625
68358 4 66 37752.59814453125 24203.64453125
68491 4 67 20552.1298828125 33338.910888671875
68497 4 69 26244.5361328125 34537.3349609375
68556 4 51 31913.060546875 32698.23614501953
68558 4 47 32196.13671875 48674.685546875
68735 4 52 39829.5771484375 1817.900390625
68744 4 55 46011.681640625 36541.32568359375
68908 4 56 31192.786743164062 70896.640625
68912 4 58 30114.805084228516 71174.1015625
69342 4 64 41211.3349609375 16813.1240234375
69834 4 66 33609.5751953125 56297.6328125
70845 4 51 36593.6982421875 54720.939453125
70860 4 49 53294.974609375 34419.036865234375
70912 4 68 34279.92822265625 71597.16015625
71691 4 51 37953.25732421875 59452.111328125
71831 4 65 41981.30078125 7375.98046875
72138 4 66 12095.95703125 12826.705078125
72140 3 54 12636.88671875 40618.462890625
72184 4 73 39644.310546875 47927.775390625
72328 4 65 54559.59375 34692.758544921875
72366 4 54 52467.232421875 34444.925537109375
72519 4 74 19342.5908203125 27391.79541015625
72520 4 57 26569.417724609375 30483.218017578125
72557 4 52 30623.531860351562 69166.95703125
73231 4 51 683.240234375 42195.302734375
73232 4 54 10921.44140625 35451.93896484375
73352 4 60 48240.146484375 12493.42578125
73578 4 56 33551.086669921875 71467.8203125
73693 4 55 48290.140625 5879.00390625
73779 4 52 30496.023010253906 68369.6875
73781 4 54 33182.171142578125 69975.734375
73783 4 52 30977.379638671875 69849.671875
73792 4 46 31363.5654296875 71254.40234375
73802 4 47 32487.83837890625 69488.5546875
73805 4 46 32187.064208984375 69279.1640625
74822 4 52 13679.8828125 10085.865234375
75055 4 55 39550.4287109375 2227.22265625
75250 4 49 46316.3125 30530.389770507812
75314 4 55 14736.4873046875 10665.533203125
75903 4 55 54152.75 34456.985107421875
76127 4 58 53364.17578125 35716.82958984375
76128 4 59 52445.849609375 35730.98291015625
76315 4 49 31926.5654296875 25861.689453125
76317 4 56 33218.171630859375 59166.4921875
76514 4 46 31330.08642578125 55375.24609375
76610 4 63 31150.379150390625 49524.302734375
76866 4 55 38649.7138671875 52981.32421875
77200 4 69 48026.29296875 30717.162475585938
77333 4 52 44653.2998046875 56582.02734375
77394 4 49 3021.904296875 40971.31640625
77397 4 51 12362.048828125 34886.9296875
77429 4 62 2549.06640625 43388.29296875
77431 4 60 2430.125 39774.283203125
77496 4 51 1796.658203125 40772.6142578125
77498 4 56 10701.443359375 34704.780029296875
77503 4 58 11284.994140625 34170.942138671875
77561 3 54 43859.7783203125 32822.730224609375
77840 4 56 30815.818969726562 69604.21875
79296 4 46 47287.419921875 30932.127685546875
79300 4 46 14374.1689453125 36859.48681640625
79398 3 61 44541.7353515625 34272.513916015625
79399 4 52 45156.7861328125 34411.109619140625
79400 4 52 44658.9775390625 34916.449951171875
80102 4 62 17319.8125 6727.8359375
80352 4 49 1519.89453125 41316.189453125
80700 4 60 9236.34375 9830.57421875
82285 4 59 32382.308837890625 51676.79296875
82298 4 51 38354.806640625 24433.81689453125
82801 4 93 47371.056640625 34335.525146484375
82858 3 46 24271.84521484375 31478.176391601562
82930 3 46 22990.97119140625 31696.020477294922
82931 4 55 46430.953125 36091.75146484375
82933 4 47 22413.21630859375 31705.04818725586
82935 4 52 23230.8984375 32263.46109008789
82941 4 47 24760.31689453125 31830.09439086914
82943 4 52 24261.87646484375 32131.980507850647
82945 4 49 22791.8154296875 34116.38684082031
82951 3 46 22281.248046875 29446.31201171875
83117 4 62 22586.908203125 32388.512115478516
83121 4 56 39294.3037109375 12382.15234375
83122 3 59 39999.80078125 12714.484375
83124 4 47 22292.6025390625 28893.568603515625
83399 4 58 18206.5615234375 17800.005859375
83400 4 51 32633.54541015625 71116.88671875
83649 4 68 17881.16015625 27256.11376953125
83893 4 51 40692.4697265625 10624.552734375
84135 4 55 44197.9443359375 56566.404296875
84138 4 46 15593.1318359375 37259.00244140625
84171 4 46 22202.38916015625 34094.44958496094
84396 4 64 34577.05859375 22988.46484375
84634 4 52 1220.623046875 41354.078125
84811 4 58 32195.868896484375 59417.455078125
85543 4 47 39993.6689453125 2826.193359375
85857 4 56 23450.203125 27288.25341796875
85999 4 71 9109.65625 44790.4326171875
86001 4 55 3565.349609375 40574.7119140625
86366 4 55 39452.4501953125 13044.6796875
86395 4 64 35231.28515625 23809.669921875
87075 4 75 14770.814453125 9668.265625
87140 4 75 20262.1083984375 17569.6044921875
87237 4 47 32732.262451171875 70025.23828125
87497 4 66 32785.28564453125 72525.984375
87530 4 49 32125.87353515625 70601.86328125
88107 4 56 31674.606079101562 67964.2734375
88108 4 47 32811.67138671875 69679.54296875
88494 3 49 35174.029296875 27056.35205078125
88495 4 51 35718.73681640625 26935.57470703125
90862 4 51 38335.0498046875 50009.107421875
90954 4 46 18811.34765625 28007.07861328125
91044 4 64 34376.03466796875 25199.4638671875
91070 4 63 44196.02734375 37179.08740234375
91118 4 54 32607.5322265625 23987.9306640625
91568 4 72 34473.91259765625 31073.980346679688
91667 3 46 2112.681640625 41708.103515625
91670 3 46 11659.67578125 35424.332275390625
91684 4 57 12274.841796875 36940.89111328125
91826 4 54 31385.694458007812 26955.7958984375
92200 3 62 12658.109375 37486.3466796875
92201 4 52 12912.943359375 36843.2392578125
92202 3 56 12730.00390625 38199.9130859375
92302 4 54 16547.33984375 4959.193359375
92305 4 68 39463.0380859375 3729.046875
92933 4 54 12222.58203125 35469.319091796875
92935 4 46 11311.099609375 34851.365966796875
93241 4 47 32406.810302734375 69788.078125
93586 4 52 33126.48095703125 24316.03515625
95541 4 61 31697.681884765625 58266.908203125
95543 4 54 33005.27734375 70621.38671875
95854 4 51 45457.984375 55930.265625
95963 4 57 43248.8857421875 30555.38330078125
95973 4 49 32593.52783203125 59064.70703125
95982 4 49 31412.319702148438 69848.6640625
95984 4 51 30377.036193847656 69762.98828125
95990 4 49 32029.8544921875 71453.625
96143 4 56 765.529296875 40078.806640625
96144 4 49 9498.861328125 39285.51171875
96435 4 56 31787.981079101562 58974.849609375
97399 4 46 25202.21630859375 33251.05114746094
97661 4 46 23476.95166015625 33971.920166015625
97662 3 49 22964.5244140625 33586.800537109375
98068 4 47 46135.92578125 35551.0078125
98076 4 46 37689.69775390625 24892.4345703125
98086 4 51 49398.609375 14368.4140625
98095 4 47 40234.435546875 3266.0546875
98097 4 55 48720.96484375 6247.880859375
98141 4 57 8972.27734375 40030.7724609375
98527 4 49 15776.36328125 41334.0224609375
98561 4 56 1920.060546875 43277.681640625
98562 4 71 1759.77734375 39648.478515625
98701 4 55 11975.548828125 34381.604248046875
99028 4 67 15525.03125 39214.24169921875
99033 4 58 41983.7529296875 2599.9296875
99769 3 74 33466.27197265625 55410.95703125
100441 4 54 43090.86328125 11898.919921875
101619 3 57 24273.1328125 30858.881713867188
101663 4 55 9172.396484375 15714.884765625
101672 3 52 44284.701171875 33500.71569824219
102425 4 65 44798.404296875 30556.31787109375
102438 4 52 32685.736328125 69201.21875
102856 4 49 39445.0625 61138.27734375
103014 4 61 11089.689453125 44767.4677734375
103103 4 72 28673.321411132812 52754.736328125
103670 4 55 36931.5048828125 26821.19580078125
104243 3 61 16951.142578125 13776.693359375
104244 4 49 17283.8544921875 13274.587890625
105683 4 65 14070.0185546875 9507.3828125
106065 3 83 33571.3515625 28411.05322265625
107091 4 49 2333.9453125 41316.8076171875
107093 4 49 2323.13671875 42067.9970703125
107224 4 56 1390.52734375 40129.20556640625
110107 4 58 19095.7314453125 16878.8359375
110244 4 62 34214.90478515625 57216.111328125
110497 4 52 40762.740234375 3061.833984375
110698 4 46 8291.806640625 8327.82421875
110722 4 58 31228.748779296875 25896.95654296875
110742 3 55 34585.20751953125 52473.7578125
110750 4 46 32117.875 71018.8515625
110774 3 49 34677.45556640625 27455.19775390625
110776 4 55 41005.3134765625 35479.629150390625
110777 4 64 48411.955078125 8138.1484375
110778 4 47 9401.142578125 8395.859375
110779 3 46 41898.4814453125 35275.7177734375
110791 4 46 43579.6669921875 35100.64599609375
110792 3 54 43375.3486328125 34521.703125
110980 3 47 43201.0703125 33695.541259765625
111032 4 46 44852.548828125 55497.736328125
113094 4 61 40433.208984375 60256.859375
113649 4 49 45121.6962890625 56802.146484375
113876 4 46 2170.990234375 42519.1083984375
114017 4 54 22676.53759765625 26900.73828125
114029 4 49 26163.6845703125 29498.512451171875
114129 4 52 40589.669921875 15712.630859375
114140 4 52 41924.1123046875 9225.04296875
114141 4 54 42855.01171875 8535.755859375
114184 4 47 41694.162109375 8052.828125
114699 4 59 32045.064697265625 35932.28955078125
115128 4 49 20067.080078125 32195.739791870117
115154 3 71 25667.6923828125 27445.435546875
115928 4 52 20761.50390625 31592.790283203125
116106 4 61 50085.2109375 14154.39453125
116482 4 69 10721.908203125 14315.0078125
116545 4 51 53222.33984375 34933.8671875
117208 3 60 34589.3759765625 53149.865234375
117644 4 61 46087.9091796875 56462.744140625
117803 4 51 48751.337890625 14168.9453125
118038 4 52 37955.986328125 11427.88671875
118174 4 56 32638.24853515625 48346.060546875
120151 4 64 30752.127319335938 48823.595703125
120153 3 56 33880.74755859375 53734.494140625
120182 4 54 31009.397705078125 68290.921875
120289 4 56 52800.056640625 36038.8310546875
120409 4 56 3219.15625 42916.0546875
120477 4 51 35754.94775390625 50276.7578125
120822 4 54 3221.296875 41307.154296875
121043 4 54 33009.675048828125 58454.453125
121651 4 95 45257.2314453125 10378.3671875
121659 4 58 39663.4072265625 9464.791015625
121661 4 56 41114.7314453125 8207.54296875
121662 4 47 41399.34765625 3103.08984375
122391 4 47 41114.65625 16161.236328125
122554 4 70 47038.185546875 55500.765625
122639 3 55 33911.629150390625 27643.92822265625
122794 4 54 44462.669921875 11441.0703125
122986 4 67 29326.523864746094 68931.265625
124660 4 57 3961.3046875 41732.06640625
124684 4 54 8922.43359375 9422.82421875
124733 3 52 14453.0966796875 39257.740234375
124788 4 73 31373.3544921875 59593.80078125
124796 4 49 33641.915771484375 50750.45703125
124798 4 51 14832.0458984375 38847.802734375
124809 4 46 9724.50390625 43772.30859375
124810 4 46 750.689453125 41623.7529296875
124846 4 47 41372.033203125 34966.10888671875
124847 4 47 42187.9619140625 35786.923095703125
124854 4 57 14329.0234375 39926.466796875
124856 4 70 53317.20703125 36412.06787109375
125130 4 49 38331.8388671875 59837.296875
126310 4 60 623.73046875 42947.4716796875
126569 4 55 18537.5390625 17214.052734375
127580 4 73 3250.509765625 43691.9013671875
127583 4 55 42321.625 7961.904296875
127586 4 46 49023.083984375 12785.1328125
130200 4 57 8913.048828125 7402.95703125
130622 4 72 16026.3603515625 42069.2880859375
131123 3 62 12150.328125 38785.9208984375
131952 4 54 37316.5224609375 28047.716796875
133128 4 70 42208.2509765625 3271.1640625
134111 4 51 1936.0 41065.943359375
134243 4 51 38224.8349609375 60856.919921875
135493 4 62 1060.828125 43578.265625
135511 4 65 2200.03125 43796.671875
135599 4 61 3951.283203125 42598.8134765625
135912 4 51 39447.6533203125 60601.48046875
137597 1 46 29726.932876586914 30447.225830078125
138210 4 66 54346.03125 34081.187255859375
138467 4 52 48233.1953125 14173.1171875
138569 3 56 11310.34375 38752.15478515625
138606 4 51 25943.4404296875 27992.4755859375
139418 4 49 31107.1328125 26458.6298828125
139427 4 46 48199.15625 6278.13671875
139990 4 65 21835.98828125 30649.260131835938
140148 4 63 52866.4453125 33327.82080078125
140365 3 61 16350.9482421875 16531.2109375
140710 4 58 7959.955078125 9126.705078125
140849 4 52 30389.009704589844 70416.0078125
141313 3 47 34395.09423828125 25854.34375
141377 4 52 38491.26171875 59153.837890625
142006 4 58 34694.0517578125 51830.51953125
142039 4 51 35926.70849609375 55515.45703125
142063 4 55 25642.16650390625 31467.765625
142064 4 46 25624.373046875 30854.429931640625
142065 4 49 25148.5439453125 26767.25732421875
142066 4 46 12532.33203125 14285.09375
142067 3 46 25053.76513671875 30908.5517578125
142193 4 55 16643.4580078125 7012.77734375
144543 4 60 33545.779296875 69034.19921875
144725 4 65 46028.2001953125 54909.365234375
144952 4 51 31038.405517578125 69204.484375
145651 4 59 40342.3349609375 1424.248046875
146749 3 52 16219.1552734375 15273.453125
146799 4 46 2817.955078125 41690.939453125
146801 4 46 11410.181640625 35844.93896484375
147205 3 161 29433.56719970703 55186.060546875
147210 3 166 13858.638671875 42604.3427734375
147288 3 55 35179.6630859375 50520.421875
148230 4 146 51671.0 14055.806640625
151075 3 46 36610.6650390625 27423.75830078125
152992 3 135 20858.03125 13958.603515625
155620 4 155 22994.6103515625 14072.796875
160864 4 73 49544.52734375 11822.630859375
160866 4 49 15678.0634765625 40457.85546875
160867 4 56 15271.3349609375 41733.74609375
160868 4 65 50063.96875 14631.712890625
160870 4 46 48703.19140625 13159.87109375
160913 3 59 15396.525390625 40947.1708984375
161077 4 46 16869.0595703125 5305.990234375
161575 4 59 16002.4111328125 5038.859375
161576 4 88 33675.29638671875 51987.81640625
162604 4 57 29443.015075683594 70413.0625
163997 4 57 32988.934326171875 71405.21875
165309 4 51 25041.38818359375 27332.47509765625
166817 4 69 37316.046875 53336.1796875
166820 4 81 37356.06103515625 52530.291015625
166885 4 47 1328.763671875 42395.76953125
166887 4 54 1997.599609375 40390.28125
167819 4 58 31768.391357421875 51890.791015625
169121 4 56 26274.94970703125 33375.0
171060 3 66 24549.22412109375 29131.6181640625
171387 4 54 3655.498046875 41122.4423828125
172351 4 47 18859.642578125 29072.374755859375
175105 4 82 32158.19140625 47689.837890625
176652 4 46 9432.939453125 36510.8701171875
176653 4 46 14816.048828125 36312.4541015625
176654 3 46 14855.439453125 36837.986328125
176756 4 49 16124.1337890625 6123.7890625
176757 4 46 48652.236328125 13669.287109375
176759 4 47 42862.26171875 34835.39892578125
176769 4 47 49451.775390625 12848.8828125
176772 4 46 11175.931640625 40434.599609375
176785 4 46 11783.890625 40380.1806640625
176786 4 58 13843.71484375 37761.1259765625
176798 3 62 15087.810546875 14928.47265625
176801 4 51 44289.6474609375 15143.7734375
176814 4 47 14182.95703125 38277.916015625
176817 3 46 11694.728515625 39865.94091796875
176833 3 46 13577.4599609375 38300.98046875
176866 3 49 43788.927734375 33971.39611816406
176867 3 46 16913.98046875 14743.95703125
176870 3 62 30227.464569091797 33315.85302734375
176872 4 51 41567.0185546875 35789.294189453125
176878 4 46 41497.9306640625 10994.138671875
176985 4 46 8489.7734375 9272.697265625
177344 4 51 9541.73046875 7838.55859375
177347 4 46 48174.537109375 13556.138671875
177356 4 49 48224.23046875 13043.267578125
177367 4 47 17240.7138671875 6196.79296875
177369 4 46 9285.548828125 8947.73828125
177371 4 46 14428.8642578125 15092.95703125
177375 4 46 14529.779296875 13927.712890625
177377 3 49 41462.8701171875 11752.615234375
177378 4 46 14913.6455078125 39554.7724609375
177380 3 52 15130.82421875 13986.361328125
177396 4 46 49727.30078125 13707.365234375
177397 4 46 49708.318359375 13285.71875
177421 4 46 8178.060546875 8731.57421875
177425 4 54 42381.919921875 10870.1953125
177429 4 46 9129.2109375 37096.66650390625
177430 4 49 12691.685546875 13736.103515625
177431 3 46 16459.4619140625 12241.265625
177435 4 46 49862.234375 12771.296875
177442 4 51 30884.033081054688 34662.49072265625
177443 4 46 16711.9541015625 6414.119140625
180254 4 49 16948.154296875 16626.1669921875
186695 4 49 32078.414794921875 24829.62060546875
188636 4 52 53433.921875 33925.359619140625
189817 3 65 16903.3056640625 15383.755859375
189819 3 54 43123.029296875 33101.330078125
192033 4 46 41084.4453125 2682.32421875
197199 4 52 15670.0322265625 6366.408203125
199353 3 128 44345.39453125 32184.50168991089
207877 4 75 45346.97265625 16944.7373046875
207887 3 46 33802.41162109375 51302.72265625
207889 4 46 31834.65673828125 56146.056640625
207892 4 46 32044.19970703125 52413.6015625
212141 4 52 26660.101318359375 29902.40185546875
218048 4 59 45486.693359375 32707.621032714844
218261 4 51 32633.521728515625 49185.380859375
218292 4 49 48611.462890625 7435.740234375
218555 4 60 47034.69921875 33497.10998535156
219005 4 73 38938.11328125 3136.40234375
219115 4 52 19463.9765625 28111.952392578125
220088 4 143 16852.640625 3335.95703125
220102 3 127 34866.00439453125 28325.400146484375
220110 4 155 41738.6865234375 0.0
224113 4 51 31584.85986328125 68748.76953125
224898 4 69 40047.0029296875 61543.92578125
226108 4 46 11715.166015625 35055.184326171875
227518 4 72 46481.99609375 54709.916015625
229811 4 46 25706.4169921875 33079.47589111328
231499 3 57 15555.830078125 15581.001953125
233185 4 118 21028.943359375 13048.583984375
233608 4 51 32683.462890625 68685.5859375
233704 4 52 41795.822265625 16325.9384765625
234461 4 51 20355.541015625 32742.572631835938
234480 4 70 18844.876953125 14860.75
234834 4 58 7678.615234375 16550.6650390625
236278 3 60 32016.500732421875 49176.861328125
238531 4 57 26587.859130859375 27021.90625
239312 4 166 27471.656982421875 56051.609375
240282 4 126 6831.00390625 17852.3134765625
242806 4 59 43470.2421875 37058.94189453125
243384 4 52 43980.1328125 30216.281616210938
245511 4 114 28694.182861328125 56244.10546875
248621 4 51 11086.142578125 39971.48388671875
251208 4 54 608.060546875 41134.701171875
253122 4 68 46597.2109375 56422.6875
256555 4 54 18813.4296875 14141.720703125
258974 4 55 12854.865234375 14629.17578125
259535 4 46 36419.125 51134.02734375
259794 4 60 18627.19140625 10712.330078125
262380 4 52 1581.8984375 42161.330078125
262853 3 63 23439.62841796875 30971.02490234375
263564 4 51 30775.2138671875 71100.15625
264150 4 62 32686.51708984375 53314.423828125
266860 4 65 19595.0087890625 18648.1826171875
267528 3 54 35131.1181640625 53519.130859375
269021 4 51 39283.17578125 60198.107421875
270930 3 63 32714.335205078125 24736.6455078125
271543 4 61 31170.374633789062 58837.77734375
271750 3 51 12391.86328125 39369.88671875
274824 4 63 38117.7333984375 48295.0068359375
275297 3 82 35843.2451171875 53625.1484375
276988 3 63 33486.169677734375 26324.4130859375
276993 4 54 33120.501708984375 25791.8095703125
276996 4 144 27845.789794921875 54752.07421875
277039 4 51 31812.109130859375 49656.712890625
277072 4 52 39955.9853515625 59887.92578125
277999 3 65 18076.849609375 14494.029296875
279647 4 81 47300.064453125 56831.064453125
280508 4 54 19632.2412109375 18015.478515625
280867 4 57 45925.703125 57005.826171875
281476 4 69 43668.6865234375 55267.521484375
281810 3 58 15743.5693359375 14773.037109375
282507 4 82 39490.296875 52454.626953125
282509 4 74 39649.638671875 53757.17578125
282511 4 76 39262.166015625 54519.814453125
282515 4 100 40357.1005859375 54146.599609375
282516 4 58 38641.3837890625 54058.603515625
283078 4 59 45175.951171875 57486.244140625
283304 3 76 35215.45703125 52927.654296875
283501 4 59 17777.3876953125 28180.57666015625
283531 4 52 8605.658203125 7931.29296875
283542 4 68 20168.7607421875 11194.849609375
283673 4 49 32374.18017578125 58150.009765625
284106 4 73 45654.0078125 58194.13671875
284113 4 55 18385.2509765625 29244.434326171875
284997 4 57 31551.677001953125 72462.76953125
285214 4 49 13386.64453125 18635.896484375
285348 4 82 40125.5654296875 52997.513671875
286091 4 68 19012.75390625 10143.5703125
286263 4 62 19676.1435546875 11701.638671875
286293 4 58 48839.888671875 12214.685546875
286649 4 68 44892.703125 54616.537109375
287386 4 84 12772.78515625 19459.919921875
287387 4 51 18272.04296875 13828.421875
287403 4 49 23198.34521484375 34531.717529296875
287556 4 52 37410.029296875 60538.033203125
288654 4 51 32798.659423828125 55475.50390625
289524 3 52 16521.5576171875 14178.2109375
289526 3 52 41857.8310546875 12277.01953125
289579 4 52 30685.336303710938 35898.71875
289620 4 60 17793.6015625 28814.16796875
290053 4 51 16175.673828125 5530.6328125
290058 4 54 38680.0419921875 10319.578125
290125 4 49 16068.423828125 6774.48046875
290221 3 49 34796.52734375 26649.296875
291485 4 52 31199.94140625 70478.02734375
292242 4 55 9332.365234375 16353.306640625
293602 4 65 39833.388671875 1179.0546875
293606 4 61 39357.109375 61763.109375
293608 4 56 42384.05078125 14702.8828125
293695 3 59 13465.228515625 39116.70751953125
293886 3 51 34459.15625 54961.23828125
293888 4 71 34303.5380859375 55725.861328125
294532 4 51 32357.282470703125 70379.203125
295430 3 73 33847.147216796875 54394.357421875
295646 3 72 36247.96337890625 54309.861328125
295812 4 64 11271.83984375 37570.24658203125
295813 3 65 11906.00390625 38030.63037109375
296909 4 47 37940.693359375 60296.72265625
296913 4 46 11883.03515625 14473.638671875
297283 4 49 31363.096313476562 70356.25390625
298514 4 71 31350.417114257812 36429.2939453125
298517 4 51 18162.6162109375 15096.798828125
298550 4 51 30523.824584960938 35329.42724609375
299058 4 58 14742.3369140625 18720.544921875
300431 3 52 35302.71875 54183.37109375
300705 4 47 32188.9091796875 69932.3203125
302570 4 52 16651.94921875 17201.3232421875
302698 3 62 33229.8203125 53768.52734375
303972 4 52 43912.765625 56104.919921875
304070 4 69 43164.9580078125 7991.921875
304721 4 78 37537.6630859375 56946.8515625
305033 4 91 38320.3486328125 56493.72265625
305035 4 65 37932.28759765625 55607.8515625
305654 3 72 15935.279296875 13947.658203125
305756 3 47 33910.757568359375 52596.12890625
305801 4 55 40958.919921875 1482.421875
305846 4 57 37784.82373046875 14807.033203125
306090 4 47 3211.416015625 41984.98046875
306229 4 56 34962.90283203125 49927.33984375
306529 4 49 25885.9375 26851.05078125
306549 4 51 43949.75 13418.669921875
306573 4 46 39207.880859375 49709.73046875
306574 4 51 39278.3330078125 49058.12109375
306591 4 46 40491.6142578125 2128.166015625
306712 4 68 28378.483154296875 52008.013671875
306756 4 46 38386.34375 49496.068359375
307079 4 49 39492.0751953125 59896.17578125
307160 3 58 44843.017578125 32962.67950439453
307242 4 60 37986.24462890625 49068.759765625
307598 4 47 24891.94921875 28537.086181640625
307662 4 54 1040.3984375 42598.80078125
307667 4 59 32237.4091796875 67279.3828125
307723 4 54 2945.244140625 42420.576171875
307778 4 55 2680.759765625 40441.7431640625
307808 4 74 40154.71484375 48643.17578125
307844 4 47 19523.12890625 17285.8125
308083 4 49 2293.599609375 40672.369140625
308114 4 47 26383.02392578125 27545.64013671875
308177 4 51 14904.4970703125 13342.619140625
308429 4 56 38451.357421875 15396.970703125
308431 4 54 38382.3818359375 14816.455078125
308432 4 63 49880.64453125 7141.865234375
308542 4 52 31875.149780273438 68539.25390625
308624 4 59 46029.1982421875 55995.267578125
308700 4 46 31310.765991210938 35767.6484375
308871 4 49 1952.59765625 42012.6708984375
308874 4 47 2685.876953125 41032.5859375
308881 4 58 51452.302734375 34777.716552734375
308914 4 58 9646.806640625 9349.26953125
308943 4 46 31303.49560546875 54105.9296875
309191 4 67 8999.984375 44032.892578125
309197 4 56 1839.892578125 42841.8525390625
309198 4 69 8865.85546875 39049.85888671875
309513 4 56 33207.615478515625 69401.984375
309595 4 51 16898.2353515625 12483.064453125
309694 4 54 39709.2841796875 59442.837890625
309875 4 47 38990.4140625 60765.408203125
310249 4 46 35743.0888671875 55959.39453125
310262 4 65 10681.677734375 43177.7978515625
310381 4 55 29414.3818359375 52836.029296875
310382 4 57 29221.821655273438 51641.251953125
310386 3 46 29773.146030426025 52075.529296875
310388 4 71 29394.470428466797 50925.65234375
310397 4 74 28639.74462890625 51264.326171875
310421 4 52 31650.849975585938 70474.40234375
310610 4 54 38931.322265625 59734.06640625
310699 4 51 38978.970703125 59010.240234375
310862 4 54 19376.2705078125 29148.61572265625
311257 4 58 50591.84765625 13838.427734375
311533 4 46 31908.036865234375 35359.1279296875
311661 4 52 25224.1083984375 29072.87548828125
311769 4 46 35995.6396484375 25313.33447265625
311770 3 46 35408.80419921875 25864.8623046875
311771 4 46 35991.83349609375 25900.6689453125
312426 3 46 32072.92822265625 53825.31640625
312654 4 56 8546.51953125 15960.6767578125
312675 4 46 14962.6513671875 35827.02294921875
313021 4 46 15294.521484375 36664.77392578125
313024 4 46 39872.341796875 11432.90234375
314193 4 51 30810.647583007812 70095.75
314252 4 59 9523.2578125 17500.283203125
315353 4 54 32556.46484375 70695.60546875
315401 4 49 31762.323608398438 70832.4765625
315405 4 58 32947.87841796875 68029.90625
315412 4 56 884.8125 40925.5869140625
315423 4 56 1245.763671875 42923.3125
315439 4 54 3071.849609375 40295.45703125
315454 4 54 30075.45964050293 70752.90625
315464 4 60 478.6484375 40501.6171875
315480 4 51 30752.5283203125 70513.18359375
315729 4 60 1551.4375 43561.4248046875
316166 4 58 34101.77294921875 69215.78125
316232 4 66 51743.56640625 33697.73474121094
316793 4 51 40056.810546875 60770.958984375
317393 4 69 37124.09326171875 54325.38671875
318207 4 57 53954.3984375 35183.01513671875
318536 3 120 23450.28369140625 29463.322509765625
318848 4 55 47460.259765625 7556.640625
319273 4 51 38801.8525390625 9375.00390625
319280 4 54 10682.451171875 39091.48291015625
319721 3 58 12954.009765625 39622.349609375
321378 4 52 12372.3046875 13397.0
322023 4 51 41795.5380859375 34045.98376464844
322024 4 54 41553.173828125 33581.86535644531
323197 4 54 2685.09765625 42984.37109375
323494 4 46 14889.923828125 41198.3359375
323503 4 54 33009.310302734375 56062.05859375
323731 4 55 8993.07421875 17256.1171875
325267 3 46 34918.681640625 56848.505859375
325276 4 52 14331.4541015625 10204.4453125
326123 4 165 13634.7119140625 44133.1201171875
326758 4 52 38845.34765625 25347.10693359375
326766 4 46 36629.9091796875 27907.5537109375
326801 3 46 38951.1484375 60239.75390625
326835 4 54 22602.1162109375 34707.942626953125
326927 3 49 24175.43017578125 29894.05224609375
327076 4 49 38578.6611328125 61041.0546875
327103 4 47 22372.38916015625 33522.17663574219
327150 4 47 23383.7099609375 33354.06384277344
327152 3 49 24532.83447265625 30216.9345703125
327958 4 57 46959.748046875 31610.839569091797
328021 4 126 21921.11083984375 12697.998046875
328032 4 51 47187.96484375 30385.619140625
328239 4 49 52930.3046875 35382.774169921875
328386 4 56 47152.9921875 6137.650390625
328520 4 105 21445.037109375 15010.400390625
328930 4 111 21770.767578125 13887.6484375
329020 4 56 14500.576171875 18160.578125
329813 4 51 31407.696411132812 48892.744140625
329939 3 51 23269.29345703125 30255.985229492188
329944 4 47 37151.80810546875 27295.16259765625
330082 4 57 36339.77001953125 29817.436279296875
330083 4 54 37663.74658203125 27520.77734375
330180 4 64 51368.87109375 35419.001220703125
330812 4 55 30270.767791748047 69393.07421875
331599 4 46 48772.6796875 6844.888671875
331832 4 51 16234.4189453125 40673.2880859375
332972 4 52 36496.166015625 28807.48974609375
332973 3 47 35918.865234375 28882.54833984375
333147 4 105 25706.51220703125 35209.27978515625
333715 4 54 29819.754634857178 51472.09765625
334125 4 51 37730.6953125 59891.513671875
334197 4 47 30215.48403930664 51833.8671875
334198 4 46 29979.64483642578 52563.48046875
334491 4 51 31698.2392578125 71266.4140625
335001 4 51 19565.4091796875 10688.6640625
335211 4 47 38580.861328125 13835.412109375
335326 4 55 37687.72119140625 61102.755859375
335535 4 52 38170.6396484375 61416.279296875
335826 4 46 35180.03271484375 55883.65625
336439 4 78 17018.365234375 28582.947998046875
336440 4 46 36900.53466796875 56348.45703125
336776 4 60 46484.673828125 34366.165283203125
337094 4 46 37494.5771484375 56131.341796875
337215 4 55 286.6796875 41894.8994140625
338423 4 54 32569.860107421875 68230.66015625
338711 4 54 53699.626953125 33622.95373535156
338881 4 46 45051.9736328125 15750.947265625
339786 4 47 10810.28515625 43761.5927734375
340208 4 65 12071.0859375 41319.4873046875
340212 4 46 13127.763671875 40846.4296875
340231 4 63 22031.24462890625 26972.53759765625
340656 4 54 31621.668090820312 71747.11328125
341420 4 51 31341.390258789062 68866.046875
341425 4 52 1229.79296875 40816.6171875
341613 4 52 48395.5078125 7246.470703125
341681 4 54 45746.181640625 55433.74609375
341898 4 51 1326.18359375 41761.1611328125
341909 4 52 30660.463134765625 68859.09375
341910 4 46 38964.888671875 48548.83203125
342077 4 59 25075.69970703125 34462.787109375
342081 4 46 19333.7470703125 28558.3037109375
344019 4 49 29178.399047851562 52236.53125
344156 4 55 45465.154296875 57084.681640625
345174 4 49 30934.050170898438 68624.734375
345181 4 49 2439.9296875 42525.6953125
345206 4 60 29674.30810546875 69184.421875
345209 4 51 52982.166015625 33853.63073730469
345515 4 49 36939.65771484375 51386.876953125
345518 4 54 35540.7255859375 56973.705078125
345985 4 47 18875.0068359375 11744.646484375
346346 4 57 34103.279296875 30465.288330078125
346348 4 52 34874.3212890625 29791.306640625
346349 4 56 34876.16552734375 30449.242309570312
346386 4 57 39191.0947265625 15105.630859375
346401 4 83 47240.3359375 56103.001953125
346422 4 52 15531.05859375 5689.6796875
347953 4 46 14978.7958984375 37299.8759765625
348020 4 46 31732.0595703125 54384.85546875
348022 4 46 17185.9951171875 5808.416015625
348097 4 46 11825.5078125 13530.986328125
348245 4 51 11411.9140625 14280.91796875
348676 4 54 3526.04296875 41921.0869140625
348678 4 58 52224.150390625 33619.25134277344
348793 4 54 18210.3046875 27783.92041015625
348794 4 46 44757.21484375 56046.01171875
348795 4 46 31962.613525390625 69084.08203125
348811 4 56 30288.694610595703 70145.421875
349164 4 68 12768.61328125 41456.0439453125
349622 4 174 14923.28125 43919.3466796875
349896 4 46 31197.187255859375 53605.990234375
350518 4 52 32030.80322265625 71957.40234375
350554 4 57 45450.7919921875 56408.494140625
350807 4 55 33041.9921875 50948.43359375
350875 3 58 34851.05517578125 54454.595703125
351354 4 49 1911.0 41401.7861328125
351363 4 51 33324.248291015625 70394.5859375
351645 4 51 21064.8134765625 32595.429138183594
351762 4 56 34233.61865234375 50801.830078125
352691 4 46 39254.6396484375 53210.16015625
353313 4 47 38368.080078125 60516.455078125
353504 4 61 39509.7861328125 2757.046875
