5086 315299 0.02205941986694528
5086 53618 0.018214966464911487
5086 288252 0.0
5086 304069 0.0
5086 53555 0.0
5086 53227 0.012082441866603538
5086 191425 0.0
5086 55550 0.0
5086 37311 0.0
5086 53609 0.01864361255739157
5086 82037 0.04271788288583805
5086 53608 0.0
5086 317170 0.0
5195 53225 0.05246230625870017
5195 52080 0.017487435419566724
5195 312654 0.0
5195 292242 0.09030472819714618
5195 57595 0.01667361545440517
5195 101663 0.022576182049286544
5195 240282 0.4115301009180246
5195 234834 0.0
5195 64273 0.0
5195 56752 0.036866750907288734
5195 6576 0.05366849385599987
5195 58435 0.0
5195 314252 0.0
5195 323731 0.022576182049286544
5195 82037 0.02765006318046655
5195 50793 0.0
5195 53226 0.03850606548386052
5195 19894 0.0
5195 6017 0.04966097948587103
5212 44574 0.0
5212 59108 0.0
5212 44380 0.0
5212 31446 0.0
5212 177429 0.0
5212 14093 0.0
5212 37200 0.0
5212 44381 0.0
5212 9391 0.0
5212 176652 0.0
5302 118038 0.08219949365267865
5302 54261 0.0
5302 47893 0.0
5302 8545 0.03771571432023571
5302 19399 0.0
5302 38463 0.0
5302 38401 0.033557802760701215
5833 189817 0.0
5833 5195 0.00962651637096513
5833 104243 0.0
5833 140365 0.0
5833 177431 0.0
5833 146749 0.0
5833 281810 0.0
5833 6584 0.0
5833 6523 0.0
5833 176798 0.0
5833 19279 0.0
5833 176867 0.0
5833 305654 0.0
5833 177380 0.0
5833 231499 0.0
5833 6575 0.0
5833 6574 0.0
5833 31550 0.0
5833 277999 0.0
5833 20009 0.0
5833 152992 0.06436712031017452
5833 19399 0.0
5833 289524 0.0
5834 176833 0.0
5834 295813 0.0
5834 147210 0.07435930486560302
5834 271750 0.0
5834 176654 0.0
5834 176817 0.0
5834 54394 0.03042903097250923
5834 92200 0.0
5834 91670 0.0
5834 72140 0.0
5834 319721 0.0
5834 91667 0.0
5834 138569 0.0
5834 54433 0.0
5834 124733 0.0
5834 92202 0.0
5834 131123 0.0
5834 293695 0.0
5834 5212 0.0
5834 160913 0.0
5865 6579 0.0
5865 177377 0.0
5865 35582 0.0
5865 54275 0.08459098688756271
5865 23795 0.0
5865 21395 0.0
5865 5873 0.0
5865 6523 0.0
5865 5302 0.0
5865 51804 0.0
5865 38192 0.0
5865 38501 0.0
5865 6530 0.03498557142706598
5865 5874 0.0
5865 5870 0.0
5865 289526 0.0
5865 53548 0.04075695729696112
5865 30279 0.0
5865 5872 0.0
5865 48695 0.0
5865 50523 0.0
5865 5086 0.0
5865 83122 0.0
5865 29624 0.013750333019910538
5865 46285 0.0
5865 18401 0.0
5865 6670 0.0
5865 6559 0.0
5870 6537 0.0
5870 55569 0.0
5870 55552 0.0
5870 48637 0.0
5870 207877 0.0
5870 55555 0.0
5870 176801 0.1111111111111111
5870 55566 0.0
5870 55573 0.0
5870 338881 0.0
5872 21718 0.0
5872 37476 0.0
5872 35704 0.0
5872 54275 0.0
5872 98097 0.0
5872 5172 0.0
5872 5066 0.025657900289539272
5872 73693 0.0
5872 110777 0.09274777915203367
5872 67556 0.0
5872 40671 0.0
5872 318848 0.0
5872 44807 0.027713699773684663
5872 5874 0.0
5872 63663 0.0
5872 44915 0.0
5872 39190 0.0
5872 328386 0.0
5872 44082 0.0
5872 341613 0.0
5872 19863 0.055427399547369326
5872 65992 0.0
5872 37021 0.0
5872 46923 0.0
5872 42474 0.0
5872 218292 0.1270001270001905
5872 139427 0.0
5872 18401 0.03394221166510653
5872 331599 0.0
5872 308432 0.0
5873 40201 0.0
5873 34201 0.0
5873 5066 0.0
5873 121651 0.0
5873 10156 0.0
5873 341613 0.0
5873 122794 0.0
5874 48740 0.0
5874 60934 0.0
5874 48721 0.0
5874 53278 0.0
5874 46978 0.0
5874 55628 0.0
5874 16740 0.0
5874 21133 0.010206207261596576
5874 306591 0.0
5874 29625 0.0
5874 59709 0.0
5874 43318 0.0
5874 33010 0.09820927516479827
5874 46731 0.0
5874 98095 0.0
5874 133128 0.0
5874 92305 0.0222717701593687
5874 99033 0.0
5874 42489 0.0
5874 145651 0.03227486121839514
5874 56353 0.0
5874 110497 0.0
5874 85543 0.0
5874 353504 0.0
5874 305801 0.0
5874 293602 0.0
5874 50747 0.03227486121839514
5874 192033 0.0
5874 68735 0.0
5874 75055 0.0
5874 121662 0.0
5874 220110 0.10390722251121176
5874 46069 0.03500700210070024
5874 10582 0.01928791874526149
5874 219005 0.0
5874 60356 0.0
5904 44708 0.0
5904 326801 0.0
5904 305756 0.0
5904 236278 0.0
5904 25554 0.0
5904 44576 0.0
5904 293886 0.0
5904 99769 0.0
5904 207887 0.0
5904 35579 0.0
5904 26480 0.0
5904 6597 0.0
5904 44572 0.0
5904 350875 0.0
5904 147205 0.0
5904 110742 0.0
5904 45361 0.0
5904 295646 0.0
5904 267528 0.0
5904 300431 0.0
5904 51209 0.0
5904 283304 0.0
5904 295430 0.0
5904 275297 0.0
5904 325267 0.0
5904 312426 0.0
5904 57650 0.0
5904 52191 0.0
5904 117208 0.0
5904 147288 0.0
5904 283531 0.0
5904 120153 0.0
5904 41120 0.0
5904 302698 0.0
5904 310386 0.0
5904 13436 0.0
6106 122639 0.0
6106 276988 0.0
6106 55891 0.0
6106 290221 0.0
6106 29900 0.0
6106 141313 0.0
6106 6544 0.0167506302543202
6106 42637 0.0
6106 220102 0.10072157864148468
6106 311770 0.0
6106 14830 0.0
6106 270930 0.0
6106 25562 0.0
6106 151075 0.0
6106 332973 0.0
6106 62214 0.030816677568068284
6106 110774 0.0
6106 58560 0.029695693545824933
6106 57650 0.0
6106 88494 0.0
6106 106065 0.0
6106 147288 0.0
6523 280508 0.0
6523 126569 0.0
6523 41831 0.0
6523 110107 0.04303314829119352
6523 87140 0.0
6523 25638 0.0
6523 67733 0.0
6523 83399 0.0
6523 67490 0.0
6523 266860 0.0
6523 307844 0.0
6523 6551 0.07987620630283672
6530 160868 0.0
6530 45950 0.0
6530 311257 0.0
6530 177356 0.0
6530 46001 0.0
6530 45952 0.0
6530 116106 0.0
6530 148230 0.0700163876974335
6530 176757 0.0
6530 160870 0.0
6530 39140 0.0
6530 39135 0.0
6530 177396 0.0
6530 117803 0.0
6530 98086 0.0
6530 286293 0.07647191129018725
6530 55533 0.0
6530 177347 0.0
6530 160864 0.0
6530 127586 0.0
6530 177397 0.0
6530 138467 0.0
6530 73352 0.0
6530 177435 0.0
6530 176769 0.0
6530 55805 0.0
6537 14678 0.0
6537 52160 0.0
6537 13834 0.0
6537 42703 0.0
6537 13220 0.0
6537 13594 0.0
6537 13943 0.0
6537 12936 0.0
6537 51567 0.0
6537 51616 0.0
6537 52043 0.0
6537 12774 0.0
6537 11689 0.0
6537 265633 0.0
6537 14552 0.0
6537 13896 0.0
6537 13333 0.0
6537 13270 0.0
6537 51579 0.0
6537 16716 0.0
6537 13891 0.0
6537 10120 0.0
6537 42705 0.0
6537 51608 0.0
6537 13059 0.0
6537 52050 0.0
6537 110798 0.0
6537 15642 0.0
6537 13546 0.0
6537 10346 0.0
6537 16289 0.0
6537 13901 0.0
6537 51585 0.0
6537 10400 0.0
6537 52001 0.0
6544 25664 0.0
6544 55891 0.0
6544 98076 0.0
6544 29900 0.0
6544 68358 0.0
6544 82298 0.0
6544 30616 0.045454545454545456
6544 44883 0.0
6544 25659 0.0
6544 29965 0.0
6544 36829 0.0
6544 25662 0.0
6544 50202 0.0
6544 326758 0.0
6559 45419 0.0
6559 30827 0.0
6559 306549 0.0
6574 46001 0.02119519516996487
6574 220088 0.10248508742877899
6574 39188 0.09868274229828967
6574 80102 0.0
6574 290125 0.06868028197434452
6574 142193 0.0
6574 92305 0.0
6574 176756 0.0
6574 6573 0.0
6574 197199 0.0
6574 161575 0.0
6574 348022 0.0
6574 92302 0.0
6574 348245 0.0
6574 35705 0.0
6574 25635 0.017733172553297715
6574 177443 0.0
6574 5086 0.024894765430108694
6574 42509 0.0
6574 5832 0.0
6574 161077 0.0
6574 50139 0.0
6574 9648 0.015967841215554487
6574 290053 0.0
6574 177367 0.0
6574 346422 0.0
6575 105683 0.0
6575 66715 0.0
6575 56332 0.043314808182421
6575 53227 0.0
6575 74822 0.0
6575 75314 0.0
6575 26107 0.11043152607484653
6575 87075 0.0
6575 66723 0.0
6575 50156 0.15200837758144198
6575 55573 0.0
6575 325276 0.0
6575 50153 0.0
6575 50158 0.022541740866685808
6575 53609 0.0
6579 313024 0.0
6582 171060 0.0
6582 101619 0.0
6582 41712 0.0
6582 262853 0.0
6582 29900 0.0
6582 82930 0.0
6582 12696 0.0
6582 12649 0.0468292905790847
6582 142067 0.0
6582 82858 0.0
6582 115154 0.09544271444636666
6582 97662 0.0
6582 82951 0.0
6582 11222 0.0
6582 44915 0.0
6582 318536 0.12802868163739003
6582 58823 0.0
6582 327152 0.0
6582 43164 0.0
6582 329939 0.0
6582 326927 0.0
6582 9615 0.0
6584 258974 0.0
6584 348097 0.0
6584 56313 0.0
6584 177430 0.0
6584 176817 0.0
6584 54394 0.0
6584 5960 0.0
6584 142066 0.0
6584 348245 0.14433756729740646
6584 296913 0.0
6584 50139 0.0
6584 72138 0.0
6584 55497 0.0
6584 38676 0.0
6584 6583 0.0
6584 116482 0.0
6584 321378 0.125
6597 166820 0.02231053741265801
6597 166817 0.0325644804512918
6602 110792 0.0
6602 79398 0.0
6602 9390 0.0
6602 176801 0.0
6602 199353 0.0429505082965031
6602 189819 0.0
6602 77561 0.0
6602 10464 0.0
6602 29636 0.0
6602 44806 0.0
6602 31940 0.0
6602 53727 0.0
6602 110980 0.0
6602 53725 0.0
6602 307160 0.0
6602 110779 0.0
6602 101672 0.0
6602 62469 0.0
6602 176866 0.0
6602 19399 0.0
6602 55761 0.0
6602 6537 0.0
6602 42284 0.0
9390 95963 0.0
9390 243384 0.23570226039551587
9390 29636 0.03594425773447947
9390 102425 0.11785113019775793
9390 63588 0.0
9615 26939 0.0
9615 55230 0.0
9615 97401 0.1543033499620919
9615 247083 0.09759000729485333
9615 30938 0.0
9615 138569 0.0
9615 138606 0.0
9615 236277 0.0
9615 60969 0.0
9615 97410 0.0
10464 63753 0.0
11222 229811 0.0
11222 68497 0.0
11222 169121 0.0
11222 333147 0.0
11222 21487 0.0
11222 58826 0.0
11222 60969 0.0
11222 97399 0.0
11222 17229 0.0
11222 342077 0.0
12649 289620 0.0
12649 219115 0.0
12649 29787 0.0
12649 12507 0.0
12649 83649 0.0
12649 336439 0.0
12649 283501 0.0
12649 284113 0.0
12649 90954 0.0
12649 342081 0.0
12649 56135 0.0
12649 310862 0.0
12649 72519 0.05184758473652126
12649 10019 0.0
12649 348793 0.0
12649 5378 0.0
12649 172351 0.0
12696 139990 0.0
12696 346422 0.0
13436 337094 0.0
13436 336440 0.0
13436 304721 0.0
13436 305035 0.0
13436 305033 0.0
18401 138431 0.0
18401 53817 0.048795003647426664
18401 327705 0.08058229640253803
18401 321864 0.0
18401 34748 0.030261376633440123
18401 191043 0.0
19279 19894 0.0
19279 299058 0.0
19279 23812 0.0
19279 329020 0.0
19279 47561 0.08451542547285165
19279 19896 0.0
19279 58804 0.0
19279 36079 0.0
19279 17752 0.0
19279 14751 0.0
19279 285214 0.0
19279 9354 0.0
19279 287386 0.0
19279 104244 0.0
19279 45371 0.0
19399 311969 0.0
19399 111914 0.0
19399 112595 0.0
20009 177369 0.0
20009 6645 0.04745789978762495
20009 6536 0.021223817998900444
20009 110778 0.0
20009 130200 0.0
20009 23810 0.0
20009 35582 0.018077538151554683
20009 55532 0.0
20009 308914 0.0
20009 80700 0.0
20009 140710 0.0
20009 177344 0.0
20009 23058 0.0
20009 124684 0.0
20009 177421 0.0
20009 15598 0.0
20009 11223 0.0
20009 176985 0.0
20009 110698 0.0
20009 18849 0.09589266029707683
20009 6534 0.036980013081681945
20009 42166 0.016012815380508715
20009 46285 0.0
20009 65940 0.0
20009 61099 0.028867513459481284
20009 283531 0.06454972243679027
21395 114140 0.0
21395 127583 0.04564354645876384
21395 121661 0.0
21395 114141 0.05
21395 114184 0.0
21395 71831 0.0
21395 64706 0.0
21395 42497 0.0
21395 48384 0.0
21395 304070 0.0
21395 35273 0.025649458802128853
23795 293608 0.0
23795 33670 0.07881104062391008
25554 345515 0.0
25554 259535 0.0
25562 91568 0.0
25562 346346 0.0
25562 346348 0.0
25562 346349 0.0
25562 9379 0.0
26480 26485 0.0
26480 72184 0.0
26480 56206 0.0
26480 26489 0.0
26480 306573 0.0
26480 90862 0.0
26480 306756 0.0
26480 306574 0.0
26480 26479 0.0
26480 25599 0.0
26480 62339 0.0
26480 59131 0.0
26480 274824 0.0
26480 307242 0.0
26480 341910 0.0
26480 307808 0.0
29624 66761 0.0
29624 308429 0.0
29624 335211 0.0
29624 51209 0.0
29624 83399 0.0
29624 305846 0.0
29624 308431 0.04032389192727559
29624 346386 0.03187883565316691
29624 308432 0.0
29636 65265 0.0
29636 98069 0.0
29636 307121 0.0
29636 29640 0.026153289048297074
29636 26887 0.020947289622255394
29636 9351 0.01784860761749785
29636 72614 0.07624928516630233
29636 29560 0.0
29636 254990 0.0808745799025788
29636 70972 0.0
29900 42701 0.0
29900 29905 0.0
31550 49186 0.08848020217749297
31550 286091 0.0642529405317179
31550 57597 0.02765006318046655
31550 335001 0.0553001263609331
31550 345985 0.09578262852211514
31550 286263 0.0531306428361855
31550 283542 0.0
31550 259794 0.0
31940 38432 0.0
31940 327958 0.0
31940 79296 0.0
31940 75250 0.0
31940 66787 0.0
31940 77200 0.0
31940 57158 0.0
31940 52481 0.0
31940 328032 0.0
35579 335826 0.0
35579 310249 0.0
35579 142039 0.0
35582 175859 0.0
35582 255673 0.0
35582 110738 0.0
35582 76736 0.0
35582 38501 0.0
35582 5872 0.0
35582 82118 0.028583097523751475
35582 5876 0.015463506661142748
35582 115931 0.0
35582 177372 0.0
35582 15898 0.03131121455425748
35582 41713 0.0
35582 289595 0.0
35582 308909 0.0
35582 110778 0.0
38192 233704 0.0
38501 5864 0.0
38501 290058 0.08606629658238704
38501 121659 0.0
38501 283304 0.0
38501 45966 0.0
38501 319273 0.0
38501 5869 0.0
41120 352691 0.0
41120 285348 0.0
41120 282509 0.0
41120 282516 0.0
41120 76866 0.0
41120 282507 0.0
41120 282511 0.0
41120 282515 0.0
41712 351645 0.0
41712 55230 0.04188539082916955
41712 234461 0.13245323570650439
41712 115928 0.0
41712 115128 0.0
41712 41711 0.0
41712 58560 0.06131393394849658
41712 68491 0.0
42284 91070 0.0
42284 242806 0.0
42284 39837 0.0
42284 66730 0.0
42637 91826 0.0
42637 139418 0.0
42637 110722 0.0
42637 76315 0.0
43164 72520 0.0
43164 212141 0.18257418583505536
43164 114029 0.2581988897471611
44572 73792 0.0
44572 73805 0.0
44572 6727 0.0
44572 49344 0.0
44572 284997 0.0
44572 345206 0.0
44572 337094 0.0
44572 50653 0.0
44572 87530 0.0
44572 63447 0.0
44572 6563 0.0
44572 310421 0.0
44572 162604 0.0
44572 46369 0.0
44572 144952 0.0
44572 88107 0.0
44572 45976 0.0
44572 29505 0.0
44572 48692 0.0
44572 77840 0.0
44572 348811 0.0
44572 315405 0.0
44572 17320 0.0
44572 6753 0.0
44572 7168 0.0
44572 87237 0.0
44572 8192 0.0
44572 46595 0.0
44572 7461 0.0
44572 83400 0.0
44572 340656 0.0
44572 350518 0.0
44572 122986 0.0
44572 10802 0.0
44572 6353 0.0
44572 95984 0.0
44572 12740 0.0
44572 300705 0.0
44572 57648 0.0
44572 54651 0.0
44572 163997 0.0
44572 15858 0.0
44572 95982 0.0
44572 43107 0.0
44572 93241 0.0
44572 17532 0.0
44572 351363 0.0
44572 297283 0.0
44572 315480 0.0
44572 47815 0.0
44572 110750 0.0
44572 345174 0.0
44572 18612 0.0
44572 6647 0.0
44572 87497 0.0
44572 120182 0.0
44572 330812 0.0
44572 73779 0.0
44572 68908 0.0
44572 315353 0.0
44572 291485 0.0
44572 73781 0.0
44572 73578 0.0
44572 341420 0.0
44572 45278 0.0
44572 73783 0.0
44572 263564 0.0
44572 44357 0.0
44572 73802 0.0
44572 95543 0.0
44572 68912 0.0
44572 144543 0.0
44572 334491 0.0
44572 29672 0.0
44572 308542 0.0
44572 6648 0.0
44572 8190 0.0
44572 294532 0.0
44572 314193 0.0
44572 70912 0.0
44572 12943 0.0
44572 12518 0.0
44572 316166 0.0
44572 29512 0.0
44572 315401 0.0
44572 88108 0.0
44572 6378 0.0
44572 30293 0.0
44572 338423 0.0
44572 140849 0.0
44572 72557 0.0
44572 49244 0.0
44572 15844 0.0
44572 307667 0.0
44572 6806 0.0
44572 6625 0.0
44572 56074 0.0
44572 15842 0.0
44572 17468 0.0
44572 29642 0.0
44572 102438 0.0
44572 233608 0.0
44572 95990 0.0
44572 348795 0.0
44572 341909 0.0
44572 61545 0.0
44572 309513 0.0
44572 53360 0.0
44572 23372 0.0
44572 224113 0.0
44572 15856 0.0
44572 315454 0.0
44576 44578 0.0
44576 44581 0.0
44576 76514 0.0
44576 44573 0.0
44576 44575 0.0
44576 44580 0.0
44576 207889 0.0
44576 44577 0.0
44806 322023 0.0
44806 322024 0.0
44915 44916 0.0
44915 44914 0.0
44915 117552 0.0
44915 352683 0.0
44915 98091 0.0
44915 44918 0.0
44915 309683 0.0
48695 67733 0.0
48695 83893 0.0
50523 177425 0.0
51209 348794 0.0
51209 308624 0.0
51209 29787 0.0
51209 95963 0.0
51209 227518 0.0
51209 19921 0.0
51209 344156 0.0
51209 35704 0.0
51209 303972 0.0
51209 13855 0.0
51209 336440 0.0
51209 12649 0.0
51209 24580 0.0
51209 77333 0.0
51209 64345 0.0
51209 279647 0.0
51209 6515 0.0
51209 59267 0.0
51209 341681 0.0
51209 280867 0.0
51209 24911 0.0
51209 286649 0.0
51209 117644 0.0
51209 37305 0.0
51209 122554 0.0
51209 95854 0.0
51209 10464 0.0
51209 144725 0.0
51209 283078 0.0
51209 63828 0.0
51209 8188 0.0
51209 110750 0.0
51209 350554 0.0
51209 55302 0.0
51209 11221 0.0
51209 53300 0.0
51209 84135 0.0
51209 42524 0.0
51209 253122 0.0
51209 5375 0.0
51209 111032 0.0
51209 284106 0.0
51209 37021 0.0
51209 131123 0.0
51209 113649 0.0
51209 281476 0.0
51209 346401 0.0
51209 283542 0.0
51804 100441 0.0
52191 207892 0.0
52191 207887 0.0
52191 82285 0.0
52191 167819 0.06804138174397717
53548 38292 0.05698028822981897
53548 53549 0.0
53548 45966 0.0
53725 53726 0.0
53725 53739 0.0
53727 30757 0.0
53727 330180 0.0
53727 30849 0.0
53727 328239 0.0
53727 30384 0.0
53727 76128 0.0
53727 31939 0.0
53727 53732 0.0
53727 31945 0.0
53727 72366 0.0
53727 30892 0.0
53727 66750 0.0
53727 140148 0.0
53727 30725 0.0
53727 53722 0.0
53727 29639 0.0
53727 53740 0.0
53727 53771 0.0
53727 316232 0.0
53727 308881 0.0
53727 70860 0.0
53727 120289 0.0
53727 30338 0.0
53727 72328 0.0
53727 345209 0.0
53727 25573 0.0
53727 31942 0.0
53727 75903 0.0
53727 338711 0.0
53727 124856 0.0
53727 116545 0.0
53727 42468 0.0
53727 76127 0.0
53727 188636 0.0
53727 31833 0.0
53727 348678 0.0
53727 318207 0.0
53727 42776 0.0
53727 138210 0.0
53727 52301 0.0
54275 255673 0.0
54275 233704 0.1386750490563073
54275 122391 0.0
54275 69342 0.0716114874039433
54275 59230 0.0
54275 114129 0.0
54275 57588 0.0
54394 5212 0.0
54394 35712 0.0
54394 85999 0.0
54394 18621 0.0
54394 5862 0.0
54394 10717 0.0
54394 54410 0.0
54394 124809 0.0
54394 339786 0.0
54394 310262 0.0
54394 309191 0.0
54394 103014 0.0
54394 59877 0.0
54394 10148 0.0
54394 9721 0.01662515560179388
54433 85999 0.0
54433 18621 0.0
54433 6571 0.0
54433 98141 0.0
54433 11373 0.0
54433 309198 0.0
54433 59877 0.0
54433 5213 0.0
54433 96144 0.0
54433 5210 0.0
55761 218555 0.08362420100070908
55761 30326 0.0
55761 336776 0.0
55761 82801 0.08404977220207886
55891 25653 0.0
55891 86395 0.0
55891 35679 0.0
55891 25658 0.0
55891 84396 0.0
55891 25663 0.0
57650 96435 0.0
57650 124788 0.0
57650 57649 0.0
57650 283673 0.0
57650 271543 0.0
57650 76317 0.0
57650 95541 0.0
57650 84811 0.0
57650 11256 0.0
57650 121043 0.0
57650 95973 0.0
58560 341217 0.24174688920761409
58823 12696 0.0
58823 11222 0.0
58823 58829 0.03464794643376185
58823 85857 0.0
58823 340231 0.0
58823 63284 0.0
58823 114017 0.0
58823 53711 0.0
62469 98068 0.0
62469 82931 0.0
62469 56091 0.0
62469 68744 0.0
65946 65945 0.0
65947 176870 0.0
65947 65946 0.0
65947 66893 0.0
65947 66748 0.0
66748 308700 0.0
66748 311533 0.0
66748 298550 0.0
66748 114699 0.05063696835418333
66748 279647 0.0
66748 68497 0.0
66748 298514 0.06280742930213278
66748 177442 0.0
66748 38530 0.0
66748 289579 0.0
66748 38401 0.03268602252303067
66893 68556 0.0
66893 66892 0.0
72140 340212 0.0
72140 340208 0.10846522890932808
72140 349164 0.0
76736 5830 0.0
76736 9648 0.0
76736 25556 0.0
79398 79400 0.0
79398 79399 0.0
82858 82941 0.0
82858 82943 0.0
82930 82931 0.0
82930 83117 0.0
82930 82935 0.0
82930 82933 0.0
82951 83124 0.0
82951 5875 0.0
82951 25636 0.0
83122 83121 0.0
83122 86366 0.0
88494 88495 0.0
91667 30996 0.0
91667 113876 0.0
91667 77429 0.0
91667 135599 0.0
91667 126310 0.0
91667 135493 0.0
91667 308871 0.0
91667 166885 0.0
91667 306090 0.0
91667 345181 0.0
91667 341425 0.0
91667 120822 0.0
91667 77496 0.0
91667 77394 0.0
91667 337215 0.0
91667 171387 0.0
91667 98561 0.0
91667 315423 0.0
91667 107091 0.0
91667 348676 0.0
91667 84634 0.0
91667 80352 0.0
91667 146799 0.0
91667 124809 0.0
91667 307778 0.0
91667 251208 0.0
91667 351354 0.0
91667 127580 0.0
91667 120409 0.0
91667 323197 0.0
91667 96143 0.0
91667 341898 0.0
91667 134111 0.0
91667 307723 0.0
91667 307662 0.0
91667 124660 0.0
91667 309197 0.0
91667 166887 0.0
91667 262380 0.0
91667 135511 0.0
91667 315464 0.0
91667 124810 0.0
91667 308083 0.0
91667 73231 0.0
91667 315412 0.0
91667 308874 0.0
91667 315729 0.0
91667 86001 0.0
91667 315439 0.0
91667 107224 0.0
91667 12729 0.0
91667 77431 0.0
91667 107093 0.0
91667 98562 0.0
91670 98701 0.0
91670 146801 0.0
91670 73232 0.0
91670 77498 0.0
91670 77503 0.0
91670 92935 0.0
91670 77397 0.0
91670 92933 0.0
91670 98562 0.0
91670 226108 0.0
92200 91684 0.0
92200 92201 0.0
92200 325276 0.0
97662 326835 0.0
97662 97661 0.0
97662 327103 0.0
97662 82945 0.0
97662 84171 0.0
97662 327150 0.0
97662 287403 0.0
99769 323503 0.0
99769 117644 0.0
99769 69834 0.0
99769 288654 0.0
99769 76866 0.0
104243 104244 0.20412414523193154
104243 312654 0.0
106065 63621 0.0
110742 142006 0.0
110774 110722 0.0
110777 112740 0.0
110777 76736 0.0
110777 311959 0.0
110777 110774 0.0
110779 124847 0.0
110779 176757 0.0
110779 176798 0.0
110779 38468 0.0
110779 124846 0.0
110779 110776 0.0
110779 176872 0.0
110792 176759 0.0
110792 110791 0.0
115154 26939 0.07548513560963972
115154 97401 0.1386750490563073
115154 238531 0.06933752452815364
115154 138606 0.22645540682891913
115154 142065 0.1386750490563073
115154 165309 0.0
115154 308114 0.0
115154 306529 0.0
115154 9615 0.17118419700436516
124733 177378 0.0
124733 295812 0.0
124733 99028 0.0
124733 124798 0.0
124733 124854 0.0
137597 6602 0.0
137597 6582 0.0
137597 110777 0.0
137597 5904 0.0
137597 5833 0.0
137597 5865 0.0
137597 6106 0.0
137597 65947 0.0
137597 5834 0.0
138569 319280 0.0
138569 52468 0.0
140365 6570 0.0
140365 180254 0.0
140365 302570 0.14433756729740646
140365 55533 0.07216878364870323
141313 91044 0.0
142067 142063 0.0
142067 142064 0.0
147205 245511 0.0020279272445360244
147205 276996 4.723167631873679E-4
147205 239312 0.0
147210 349622 0.0
147210 326123 7.344087583972182E-4
147288 306229 0.0
147288 120477 0.0
147288 6689 0.0
147288 39247 0.0
151075 103670 0.0
151075 329944 0.0
151075 131952 0.0
151075 330083 0.0
151075 326766 0.0
152992 233185 0.0
152992 328520 0.0
152992 328021 0.0
152992 155620 0.0069136060425837005
152992 240282 0.001429439566215611
152992 328930 0.0
160913 160866 0.0
160913 130622 0.0
160913 331832 0.0
160913 323494 0.0
160913 349164 0.0
160913 160867 0.0
160913 5383 0.0659380473395787
160913 98527 0.0
171060 42547 0.0
171060 311661 0.11785113019775793
171060 282507 0.0
171060 307598 0.0
176654 347953 0.0
176654 79300 0.0
176654 65792 0.0
176654 312675 0.0
176654 35577 0.0
176654 313021 0.0
176654 176653 0.0
176654 46405 0.0
176654 176652 0.0
176654 84138 0.0
176798 176756 0.0
176798 177371 0.0
176801 176759 0.0
176801 177374 0.0
176801 176795 0.0
176817 176785 0.0
176817 248621 0.0
176817 176772 0.0
176833 124684 0.0
176833 176814 0.0
176833 176786 0.0
176866 177371 0.0
176867 177372 0.0
176867 346422 0.0
177377 176878 0.0
177380 110778 0.0
177380 177344 0.0
177380 177375 0.0
177380 176985 0.0
177380 308177 0.0
177431 5216 0.0
177431 5219 0.0
177431 6570 0.0
177431 177430 0.0
177431 309595 0.0
177431 5871 0.0
177431 6386 0.0
207887 124796 0.0
207887 350807 0.0
207887 351762 0.0
207887 29906 0.0
231499 68018 0.0
236278 175105 0.0
236278 277039 0.0
236278 68558 0.0
236278 64358 0.0
236278 56135 0.0
236278 218261 0.0
236278 76610 0.0
236278 120151 0.0
236278 34582 0.0
236278 329813 0.0
236278 118174 0.0
270930 91118 0.0
270930 186695 0.0
270930 53816 0.0
270930 68220 0.0
270930 93586 0.0
276988 276993 0.0
277999 256555 0.33541019662496846
277999 234480 0.3061862178478973
277999 287387 0.14433756729740646
277999 289595 0.0
277999 298517 0.14433756729740646
293886 293888 0.0
295646 317393 0.041030496993110906
295646 70845 0.0
295813 295812 0.4383570037596047
302698 53875 0.0
302698 264150 0.0
305756 161576 0.0
307160 218048 0.0
307160 102425 0.0
310386 310382 0.0
310386 306712 0.0
310386 310388 0.0
310386 334197 0.0
310386 344019 0.0
310386 310397 0.0
310386 103103 0.0
310386 333715 0.0
310386 334198 0.0
310386 310381 0.0
311770 39836 0.0
311770 311771 0.0
311770 311769 0.0
311959 306043 0.0
311959 311958 0.0
312426 37745 0.0
312426 348020 0.0
312426 349896 0.0
312426 308943 0.0
325267 110244 0.0
325267 66716 0.0
325267 12291 0.0
325267 55931 0.0
325267 345518 0.0
326801 307079 0.0
326801 310610 0.0
326801 335535 0.0
326801 353313 0.0
326801 310699 0.0
326801 334125 0.0
326801 102856 0.0
326801 71691 0.0
326801 269021 0.0
326801 287556 0.0
326801 335326 0.0
326801 224898 0.0
326801 309875 0.0
326801 141377 0.0
326801 29904 0.0
326801 316793 0.0
326801 125130 0.0
326801 113094 0.0
326801 309694 0.0
326801 327076 0.0
326801 296909 0.0
326801 135912 0.0
326801 277072 0.0
326801 293606 0.0
326801 68015 0.0
326801 134243 0.0
332973 11081 0.0
332973 7691 0.0
332973 332972 0.0
332973 330082 0.0
